{
	"World": {
		"Variables": [
			{
				"Name": "GuardAdvise",
				"Value": 0.0
			},
			{
				"Name": "GuardTimerStarted",
				"Value": 0.0
			},
			{
				"Name": "Mission_Infirmerie",
				"Value": 10.0
			},
			{
				"Name": "Mission_Legion",
				"Value": 0.0
			},
			{
				"Name": "Player",
				"Value": 119.0
			},
			{
				"Name": "choice",
				"Value": 0.0
			},
			{
				"Name": "guardHospital",
				"Value": 0.0
			},
			{
				"Name": "lastTime",
				"Value": 0.0
			},
			{
				"Name": "numberAdvertises",
				"Value": 0.0
			},
			{
				"Name": "stateGuardHospital",
				"Value": 0.0
			}
		],
		"Maps": [
			{
				"Name": "hopital02",
				"Position": [
					0.0,
					0.0,
					0.0
				]
			}
		],
		"Characters": [
			{
				"Name": "aluyn",
				"WorldTM": [
					-0.707107663154602,
					0.0,
					-0.7071073055267334,
					-127853.046875,
					0.0,
					1.0,
					0.0,
					-7114.2861328125,
					0.7071073055267334,
					0.0,
					-0.707107663154602,
					-186129.53125,
					0.0,
					0.0,
					0.0,
					1.0
				],
				"Script": ""
			},
			{
				"Name": "antil",
				"WorldTM": [
					-0.8660259246826172,
					0.0,
					0.49999991059303284,
					-95501.796875,
					0.0,
					1.0,
					0.0,
					-7133.90234375,
					-0.49999991059303284,
					0.0,
					-0.8660259246826172,
					-165531.5,
					0.0,
					0.0,
					0.0,
					1.0
				],
				"Script": ""
			},
			{
				"Name": "capitaine",
				"WorldTM": [
					-0.5,
					0.0,
					-0.8660256862640381,
					-98049.3984375,
					0.0,
					1.0,
					0.0,
					-7133.90234375,
					0.9011890888214111,
					0.0,
					-0.5203015208244324,
					-164221.328125,
					0.0,
					0.0,
					0.0,
					1.0
				],
				"Script": ""
			},
			{
				"Name": "christine",
				"WorldTM": [
					0.656059741973877,
					0.0,
					-0.7547123432159424,
					-128642.953125,
					0.0,
					1.0,
					0.0,
					-7114.18505859375,
					0.7547123432159424,
					0.0,
					0.656059741973877,
					-187098.953125,
					0.0,
					0.0,
					0.0,
					1.0
				],
				"Script": ""
			},
			{
				"Name": "curvy",
				"WorldTM": [
					0.6293248534202576,
					0.0,
					-0.777152955532074,
					-127894.5234375,
					0.0,
					1.0,
					0.0,
					-7114.18505859375,
					0.777152955532074,
					0.0,
					0.6293248534202576,
					-185789.6875,
					0.0,
					0.0,
					0.0,
					1.0
				],
				"Script": ""
			},
			{
				"Name": "garde hopital",
				"WorldTM": [
					-0.10452833026647568,
					0.0,
					-0.9945226311683655,
					-127851.171875,
					0.0,
					1.0,
					0.0,
					-7114.18505859375,
					0.9945226311683655,
					0.0,
					-0.10452833026647568,
					-184026.21875,
					0.0,
					0.0,
					0.0,
					1.0
				],
				"Script": "onExitHospitalArea"
			},
			{
				"Name": "garde-caserne",
				"WorldTM": [
					-1.4901161193847656e-7,
					0.0,
					-0.9999997615814209,
					-106613.5078125,
					0.0,
					1.0,
					0.0,
					-7156.5478515625,
					0.9999997615814209,
					0.0,
					-1.4901161193847656e-7,
					-165652.25,
					0.0,
					0.0,
					0.0,
					1.0
				],
				"Script": ""
			},
			{
				"Name": "garde-caserne_1",
				"WorldTM": [
					-2.086162567138672e-7,
					0.0,
					-0.9999997019767761,
					-106648.65625,
					0.0,
					1.0,
					0.0,
					-7156.5478515625,
					0.9999997019767761,
					0.0,
					-2.086162567138672e-7,
					-165041.59375,
					0.0,
					0.0,
					0.0,
					1.0
				],
				"Script": ""
			},
			{
				"Name": "geraldine",
				"WorldTM": [
					-0.9986296892166138,
					0.0,
					0.0523359477519989,
					-128220.2109375,
					0.0,
					1.0,
					0.0,
					-7114.2861328125,
					-0.0523359477519989,
					0.0,
					-0.9986296892166138,
					-185002.234375,
					0.0,
					0.0,
					0.0,
					1.0
				],
				"Script": ""
			},
			{
				"Name": "hasna",
				"WorldTM": [
					-0.9993904232978821,
					0.0,
					-0.03489979729056358,
					-128849.4609375,
					0.0,
					1.0,
					0.0,
					-7114.18505859375,
					0.03489979729056358,
					0.0,
					-0.9993904232978821,
					-186536.5625,
					0.0,
					0.0,
					0.0,
					1.0
				],
				"Script": ""
			},
			{
				"Name": "maradriya",
				"WorldTM": [
					-1.6391277313232422e-7,
					0.0,
					-0.9999995827674866,
					-120689.8359375,
					0.0,
					1.0,
					0.0,
					-7166.103515625,
					0.9999995827674866,
					0.0,
					-1.6391277313232422e-7,
					-179743.421875,
					0.0,
					0.0,
					0.0,
					1.0
				],
				"Script": ""
			},
			{
				"Name": "mirabelle",
				"WorldTM": [
					-4.433092897215829e-7,
					0.0,
					1.0000134706497192,
					-128820.953125,
					0.0,
					1.0,
					0.0,
					-7114.18505859375,
					-1.0000134706497192,
					0.0,
					-4.433092897215829e-7,
					-185773.765625,
					0.0,
					0.0,
					0.0,
					1.0
				],
				"Script": ""
			},
			{
				"Name": "namia",
				"WorldTM": [
					-0.034898754209280014,
					0.0,
					-0.9993917346000671,
					-127864.921875,
					0.0,
					1.0,
					0.0,
					-7114.18505859375,
					0.9993917346000671,
					0.0,
					-0.034898754209280014,
					-186924.96875,
					0.0,
					0.0,
					0.0,
					1.0
				],
				"Script": ""
			},
			{
				"Name": "player",
				"WorldTM": [
					0.0183245912194252,
					0.0,
					0.9998342990875244,
					-128073.078125,
					0.0,
					1.0,
					0.0,
					-7103.95068359375,
					-0.9998342990875244,
					0.0,
					0.0183245912194252,
					-186131.09375,
					0.0,
					0.0,
					0.0,
					1.0
				],
				"Script": ""
			},
			{
				"Name": "ranja",
				"WorldTM": [
					-0.9889516830444336,
					0.0,
					-0.050629399716854095,
					-128542.53125,
					0.0,
					1.0,
					0.0,
					-7114.18505859375,
					0.05352407693862915,
					0.0,
					-0.9984201192855835,
					-183574.1875,
					0.0,
					0.0,
					0.0,
					1.0
				],
				"Script": ""
			},
			{
				"Name": "ratb",
				"WorldTM": [
					1.0,
					0.0,
					-4.2632614967582846e-14,
					-106200.7890625,
					0.0,
					1.0,
					0.0,
					-7190.0078125,
					4.2632614967582846e-14,
					0.0,
					1.0,
					-164136.015625,
					0.0,
					0.0,
					0.0,
					1.0
				],
				"Script": ""
			},
			{
				"Name": "ratb_1",
				"WorldTM": [
					0.4999999701976776,
					0.0,
					-0.8660262227058411,
					-106171.234375,
					0.0,
					1.0,
					0.0,
					-7188.75732421875,
					0.8660262227058411,
					0.0,
					0.4999999701976776,
					-163534.140625,
					0.0,
					0.0,
					0.0,
					1.0
				],
				"Script": ""
			},
			{
				"Name": "ratb_10",
				"WorldTM": [
					1.0,
					0.0,
					-4.2632614967582846e-14,
					-105840.0,
					0.0,
					1.0,
					0.0,
					-7188.75732421875,
					4.2632614967582846e-14,
					0.0,
					1.0,
					-163699.171875,
					0.0,
					0.0,
					0.0,
					1.0
				],
				"Script": ""
			},
			{
				"Name": "ratb_2",
				"WorldTM": [
					1.0,
					0.0,
					-4.2632614967582846e-14,
					-105835.078125,
					0.0,
					1.0,
					0.0,
					-7188.75732421875,
					4.2632614967582846e-14,
					0.0,
					1.0,
					-163591.234375,
					0.0,
					0.0,
					0.0,
					1.0
				],
				"Script": ""
			},
			{
				"Name": "ratb_3",
				"WorldTM": [
					1.0,
					0.0,
					-4.2632614967582846e-14,
					-105882.2734375,
					0.0,
					1.0,
					0.0,
					-7190.0078125,
					4.2632614967582846e-14,
					0.0,
					1.0,
					-164232.640625,
					0.0,
					0.0,
					0.0,
					1.0
				],
				"Script": ""
			},
			{
				"Name": "ratb_4",
				"WorldTM": [
					1.0,
					0.0,
					-4.2632614967582846e-14,
					-106153.4140625,
					0.0,
					1.0,
					0.0,
					-7190.0078125,
					4.2632614967582846e-14,
					0.0,
					1.0,
					-163949.828125,
					0.0,
					0.0,
					0.0,
					1.0
				],
				"Script": ""
			},
			{
				"Name": "ratb_5",
				"WorldTM": [
					1.0,
					0.0,
					-1.4901160305669237e-8,
					-106190.7890625,
					0.0,
					1.0,
					0.0,
					-7190.0078125,
					1.4901160305669237e-8,
					0.0,
					1.0,
					-164046.015625,
					0.0,
					0.0,
					0.0,
					1.0
				],
				"Script": ""
			},
			{
				"Name": "ratb_6",
				"WorldTM": [
					1.0,
					0.0,
					-4.2632614967582846e-14,
					-106206.1171875,
					0.0,
					1.0,
					0.0,
					-7188.75732421875,
					4.2632614967582846e-14,
					0.0,
					1.0,
					-163703.609375,
					0.0,
					0.0,
					0.0,
					1.0
				],
				"Script": ""
			},
			{
				"Name": "ratb_7",
				"WorldTM": [
					1.0,
					0.0,
					-4.2632614967582846e-14,
					-105942.2265625,
					0.0,
					1.0,
					0.0,
					-7190.0078125,
					4.2632614967582846e-14,
					0.0,
					1.0,
					-163885.96875,
					0.0,
					0.0,
					0.0,
					1.0
				],
				"Script": ""
			},
			{
				"Name": "ratb_8",
				"WorldTM": [
					1.0,
					0.0,
					-4.2632614967582846e-14,
					-106271.7109375,
					0.0,
					1.0,
					0.0,
					-7190.0078125,
					4.2632614967582846e-14,
					0.0,
					1.0,
					-163830.90625,
					0.0,
					0.0,
					0.0,
					1.0
				],
				"Script": ""
			},
			{
				"Name": "ratb_9",
				"WorldTM": [
					1.0,
					0.0,
					-4.2632614967582846e-14,
					-106160.9375,
					0.0,
					1.0,
					0.0,
					-7190.0078125,
					4.2632614967582846e-14,
					0.0,
					1.0,
					-164311.34375,
					0.0,
					0.0,
					0.0,
					1.0
				],
				"Script": ""
			},
			{
				"Name": "xiam2",
				"WorldTM": [
					1.0,
					0.0,
					0.0,
					175910.0,
					0.0,
					1.0,
					0.0,
					-7805.72607421875,
					0.0,
					0.0,
					1.0,
					315532.0,
					0.0,
					0.0,
					0.0,
					1.0
				],
				"Script": ""
			}
		],
		"StaticEntities": [
			{
				"Name": "buildings/caserne2.bme",
				"WorldTMs": [
					[
						0.9999999403953552,
						0.0,
						0.0,
						-100088.96875,
						0.0,
						1.0,
						0.0,
						-6928.44677734375,
						0.0,
						0.0,
						0.9999999403953552,
						-165267.078125,
						0.0,
						0.0,
						0.0,
						1.0
					]
				]
			},
			{
				"Name": "buildings/infirmerie.bme",
				"WorldTMs": [
					[
						-0.9999995231628418,
						0.0,
						3.2782554626464844e-7,
						-128389.828125,
						0.0,
						1.0,
						0.0,
						-6196.4072265625,
						-3.2782554626464844e-7,
						0.0,
						-0.9999995231628418,
						-185359.875,
						0.0,
						0.0,
						0.0,
						1.0
					]
				]
			},
			{
				"Name": "buildings/maison.bme",
				"WorldTMs": [
					[
						1.0,
						0.0,
						0.0,
						-117458.6484375,
						0.0,
						1.0,
						0.0,
						-6589.8876953125,
						0.0,
						0.0,
						1.0,
						-179802.03125,
						0.0,
						0.0,
						0.0,
						1.0
					]
				]
			},
			{
				"Name": "buildings/monument.bme",
				"WorldTMs": [
					[
						1.0,
						0.0,
						0.0,
						-174617.78125,
						0.0,
						1.0,
						0.0,
						6791.1796875,
						0.0,
						0.0,
						1.0,
						-321383.4375,
						0.0,
						0.0,
						0.0,
						1.0
					]
				]
			},
			{
				"Name": "buildings/obelisque.bme",
				"WorldTMs": [
					[
						0.9999999403953552,
						0.0,
						0.0,
						-122375.125,
						0.0,
						1.0,
						0.0,
						-4521.36474609375,
						0.0,
						0.0,
						0.9999999403953552,
						-177109.375,
						0.0,
						0.0,
						0.0,
						1.0
					]
				]
			},
			{
				"Name": "furnitures/bed.bme",
				"WorldTMs": [
					[
						-4.172298986304668e-7,
						0.0,
						0.9999989867210388,
						-127926.734375,
						0.0,
						1.0,
						0.0,
						-7174.61474609375,
						-0.9999989867210388,
						0.0,
						-4.172298986304668e-7,
						-186429.75,
						0.0,
						0.0,
						0.0,
						1.0
					],
					[
						-1.49011640360186e-7,
						0.0,
						0.9999996423721313,
						-127927.7578125,
						0.0,
						1.0,
						0.0,
						-7174.61474609375,
						-0.9999996423721313,
						0.0,
						-1.49011640360186e-7,
						-185951.828125,
						0.0,
						0.0,
						0.0,
						1.0
					],
					[
						-1.3411042232291948e-7,
						0.0,
						0.9999996423721313,
						-127926.875,
						0.0,
						1.0,
						0.0,
						-7174.61474609375,
						-0.9999996423721313,
						0.0,
						-1.3411042232291948e-7,
						-186814.046875,
						0.0,
						0.0,
						0.0,
						1.0
					],
					[
						-7.897614295870881e-7,
						0.0,
						0.9999988079071045,
						-127926.046875,
						0.0,
						1.0,
						0.0,
						-7174.61474609375,
						-0.9999988079071045,
						0.0,
						-7.897614295870881e-7,
						-187226.25,
						0.0,
						0.0,
						0.0,
						1.0
					],
					[
						-2.831228300692601e-7,
						0.0,
						-0.9999995231628418,
						-128847.7109375,
						0.0,
						1.0,
						0.0,
						-7174.61474609375,
						0.9999995231628418,
						0.0,
						-2.831228300692601e-7,
						-186870.5625,
						0.0,
						0.0,
						0.0,
						1.0
					],
					[
						-2.980206659231044e-7,
						0.0,
						-0.9999997615814209,
						-128825.21875,
						0.0,
						1.0,
						0.0,
						-7174.61474609375,
						0.9999997615814209,
						0.0,
						-2.980206659231044e-7,
						-186444.109375,
						0.0,
						0.0,
						0.0,
						1.0
					],
					[
						-3.2782557468635787e-7,
						0.0,
						-0.9999996423721313,
						-128816.203125,
						0.0,
						1.0,
						0.0,
						-7174.61474609375,
						0.9999996423721313,
						0.0,
						-3.2782557468635787e-7,
						-185949.046875,
						0.0,
						0.0,
						0.0,
						1.0
					],
					[
						-2.924352600075508e-7,
						0.0,
						0.9999997615814209,
						-127925.265625,
						0.0,
						1.0,
						0.0,
						-7174.61474609375,
						-0.9999997615814209,
						0.0,
						-2.924352600075508e-7,
						-185581.453125,
						0.0,
						0.0,
						0.0,
						1.0
					],
					[
						-1.3411003862984217e-7,
						0.0,
						-0.9999996423721313,
						-128844.8984375,
						0.0,
						1.0,
						0.0,
						-7174.61474609375,
						0.9999996423721313,
						0.0,
						-1.3411003862984217e-7,
						-187207.21875,
						0.0,
						0.0,
						0.0,
						1.0
					],
					[
						-1.401598268557791e-7,
						0.0,
						-0.9999996423721313,
						-128829.234375,
						0.0,
						1.0,
						0.0,
						-7174.61474609375,
						0.9900986552238464,
						0.0,
						-1.41560619226766e-7,
						-185589.9375,
						0.0,
						0.0,
						0.0,
						1.0
					]
				]
			},
			{
				"Name": "furnitures/chair.bme",
				"WorldTMs": [
					[
						-1.0989603538291703e-7,
						0.0,
						0.9999997615814209,
						-127851.875,
						0.0,
						1.0,
						0.0,
						-7156.517578125,
						-0.9999997615814209,
						0.0,
						-1.0989603538291703e-7,
						-187051.8125,
						0.0,
						0.0,
						0.0,
						1.0
					],
					[
						-7.450532280017796e-8,
						0.0,
						0.9999996423721313,
						-127846.65625,
						0.0,
						1.0,
						0.0,
						-7156.517578125,
						-0.9999996423721313,
						0.0,
						-7.450532280017796e-8,
						-186622.984375,
						0.0,
						0.0,
						0.0,
						1.0
					],
					[
						-7.450532280017796e-8,
						0.0,
						0.9999996423721313,
						-127850.2421875,
						0.0,
						1.0,
						0.0,
						-7156.517578125,
						-0.9999996423721313,
						0.0,
						-7.450532280017796e-8,
						-186240.21875,
						0.0,
						0.0,
						0.0,
						1.0
					],
					[
						-8.940691031966708e-8,
						0.0,
						0.9999996423721313,
						-127850.453125,
						0.0,
						1.0,
						0.0,
						-7156.517578125,
						-0.9999996423721313,
						0.0,
						-8.940691031966708e-8,
						-186053.78125,
						0.0,
						0.0,
						0.0,
						1.0
					],
					[
						-8.940737927787268e-8,
						0.0,
						-0.9999992251396179,
						-128924.890625,
						0.0,
						1.0,
						0.0,
						-7156.517578125,
						0.9999992251396179,
						0.0,
						-8.940737927787268e-8,
						-185712.65625,
						0.0,
						0.0,
						0.0,
						1.0
					],
					[
						-2.589076473213936e-7,
						0.0,
						-0.9999997615814209,
						-128912.375,
						0.0,
						1.0,
						0.0,
						-7156.517578125,
						0.9999997615814209,
						0.0,
						-2.589076473213936e-7,
						-186061.78125,
						0.0,
						0.0,
						0.0,
						1.0
					],
					[
						-0.03489980846643448,
						0.0,
						-0.9993905425071716,
						-128913.9375,
						0.0,
						1.0,
						0.0,
						-7156.517578125,
						0.9993905425071716,
						0.0,
						-0.03489980846643448,
						-186345.015625,
						0.0,
						0.0,
						0.0,
						1.0
					],
					[
						-2.5331974029541016e-7,
						0.0,
						-0.9999995231628418,
						-128907.9921875,
						0.0,
						1.0,
						0.0,
						-7156.517578125,
						0.9999995231628418,
						0.0,
						-2.5331974029541016e-7,
						-186735.5625,
						0.0,
						0.0,
						0.0,
						1.0
					],
					[
						-0.06975647807121277,
						0.0,
						0.9975632429122925,
						-127857.015625,
						0.0,
						1.0,
						0.0,
						-7156.517578125,
						-0.9975632429122925,
						0.0,
						-0.06975647807121277,
						-185396.59375,
						0.0,
						0.0,
						0.0,
						1.0
					],
					[
						0.30901652574539185,
						0.0,
						-0.9510561227798462,
						-128921.203125,
						0.0,
						1.0,
						0.0,
						-7156.517578125,
						0.9510561227798462,
						0.0,
						0.30901652574539185,
						-187092.15625,
						0.0,
						0.0,
						0.0,
						1.0
					],
					[
						-0.9999994039535522,
						0.0,
						3.4272937909918255e-7,
						-128334.5625,
						0.0,
						1.0,
						0.0,
						-7156.517578125,
						-3.4272937909918255e-7,
						0.0,
						-0.9999994039535522,
						-187244.828125,
						0.0,
						0.0,
						0.0,
						1.0
					],
					[
						-0.1736481487751007,
						0.0,
						-0.9848067760467529,
						-128915.953125,
						0.0,
						1.0,
						0.0,
						-7156.517578125,
						0.9848067760467529,
						0.0,
						-0.1736481487751007,
						-185432.640625,
						0.0,
						0.0,
						0.0,
						1.0
					]
				]
			},
			{
				"Name": "furnitures/table.bme",
				"WorldTMs": [
					[
						0.9999998807907104,
						0.0,
						-1.4900393807693035e-8,
						-128301.3359375,
						0.0,
						1.0,
						0.0,
						-7161.7041015625,
						1.4900393807693035e-8,
						0.0,
						0.9999998807907104,
						-183579.625,
						0.0,
						0.0,
						0.0,
						1.0
					]
				]
			}
		],
		"Areas": [
			{
				"Name": "area-hospital",
				"WorldTM": [
					0.9999992847442627,
					0.0,
					-1.4900479072821327e-8,
					-128439.0,
					0.0,
					1.0,
					0.0,
					-6959.09423828125,
					1.4900479072821327e-8,
					0.0,
					0.9999992847442627,
					-185401.640625,
					0.0,
					0.0,
					0.0,
					1.0
				],
				"Dimension": [
					1257.160888671875,
					567.128662109375,
					3908.658935546875
				]
			}
		],
		"Items": [
			{
				"ID": "Fiole",
				"WorldTMs": [
					[
						-1.2040138130942069e-7,
						0.0,
						0.9999995231628418,
						-128189.203125,
						0.0,
						1.0,
						0.0,
						-7112.15087890625,
						-1.0099995136260986,
						0.0,
						-1.1920906217710581e-7,
						-183573.71875,
						0.0,
						0.0,
						0.0,
						1.0
					],
					[
						0.9999998807907104,
						0.0,
						-1.4900393807693035e-8,
						-128337.7265625,
						0.0,
						1.0,
						0.0,
						-7112.15087890625,
						1.4900393807693035e-8,
						0.0,
						0.9999998807907104,
						-183615.03125,
						0.0,
						0.0,
						0.0,
						1.0
					],
					[
						0.9999998807907104,
						0.0,
						-1.4900393807693035e-8,
						-128259.1015625,
						0.0,
						1.0,
						0.0,
						-7201.1044921875,
						1.4900393807693035e-8,
						0.0,
						0.9999998807907104,
						-183601.125,
						0.0,
						0.0,
						0.0,
						1.0
					],
					[
						0.9999998807907104,
						0.0,
						-1.490070644649677e-8,
						-128275.96875,
						0.0,
						1.0,
						0.0,
						-7273.96484375,
						1.490070644649677e-8,
						0.0,
						0.9999998807907104,
						-183602.796875,
						0.0,
						0.0,
						0.0,
						1.0
					],
					[
						0.9999998807907104,
						0.0,
						-1.4901075928719365e-8,
						-128230.546875,
						0.0,
						1.0,
						0.0,
						-7273.96484375,
						1.4901075928719365e-8,
						0.0,
						0.9999998807907104,
						-179133.890625,
						0.0,
						0.0,
						0.0,
						1.0
					]
				]
			},
			{
				"ID": "Vase",
				"WorldTMs": [
					[
						0.9999998807907104,
						0.0,
						-1.4900393807693035e-8,
						-128286.484375,
						0.0,
						1.0,
						0.0,
						-7102.1962890625,
						1.4900393807693035e-8,
						0.0,
						0.9999998807907104,
						-183569.390625,
						0.0,
						0.0,
						0.0,
						1.0
					],
					[
						0.9999998807907104,
						0.0,
						-1.4900393807693035e-8,
						-128377.75,
						0.0,
						1.0,
						0.0,
						-7102.1962890625,
						1.4900393807693035e-8,
						0.0,
						0.9999998807907104,
						-183586.25,
						0.0,
						0.0,
						0.0,
						1.0
					],
					[
						0.9999998807907104,
						0.0,
						-1.4900393807693035e-8,
						-128222.25,
						0.0,
						1.0,
						0.0,
						-7180.99755859375,
						1.4900393807693035e-8,
						0.0,
						0.9999998807907104,
						-183657.6875,
						0.0,
						0.0,
						0.0,
						1.0
					],
					[
						0.9999998807907104,
						0.0,
						-1.4900393807693035e-8,
						-128221.9140625,
						0.0,
						1.0,
						0.0,
						-7102.1962890625,
						1.4900393807693035e-8,
						0.0,
						0.9999998807907104,
						-183585.84375,
						0.0,
						0.0,
						0.0,
						1.0
					]
				]
			}
		],
		"Lights": [
			{
				"WorldTM": [
					-0.5000002980232239,
					0.296196311712265,
					-0.8137961626052856,
					-132664.203125,
					-0.000001037731863107183,
					0.9396919012069702,
					0.342019259929657,
					-1766.945556640625,
					0.8660238981246948,
					0.1710093766450882,
					-0.46984708309173584,
					-182000.0,
					0.0,
					0.0,
					0.0,
					1.0
				],
				"Intensity": 0.009999999776482582,
				"Ambient": 0.6000000238418579,
				"CastShadow": true,
				"Sun": false,
				"ShadowFrustumSize": 50000.0,
				"Type": "dir"
			}
		]
	}
}