{
	"World": {
		"Maps": [
			{
				"Name": "empty",
				"Position": [
					0.0,
					0.0,
					0.0
				]
			}
		],
		"Characters": [
			{
				"Name": "maradriya",
				"WorldTM": [
					-0.17364762723445892,
					0.0,
					-0.9848061800003052,
					-425.1869201660156,
					0.0,
					1.0,
					0.0,
					107.99016571044922,
					0.9848061800003052,
					0.0,
					-0.17364762723445892,
					-1241.82080078125,
					0.0,
					0.0,
					0.0,
					1.0
				],
				"Script": ""
			},
			{
				"Name": "player",
				"WorldTM": [
					-0.9396923780441284,
					0.0,
					-0.3420197367668152,
					672.5977783203125,
					0.0,
					1.0,
					0.0,
					107.7423324584961,
					0.3420197367668152,
					0.0,
					-0.9396923780441284,
					-44.881591796875,
					0.0,
					0.0,
					0.0,
					1.0
				],
				"Script": ""
			}
		],
		"StaticEntities": [
			{
				"Name": "buildings/maison.bme",
				"WorldTMs": [
					[
						1.0,
						0.0,
						0.0,
						-2147.133056640625,
						0.0,
						1.0,
						0.0,
						639.5040283203125,
						0.0,
						0.0,
						1.0,
						254.095703125,
						0.0,
						0.0,
						0.0,
						1.0
					]
				]
			}
		],
		"Areas": [],
		"Items": [],
		"Lights": [
			{
				"WorldTM": [
					1.0,
					0.0,
					0.0,
					0.0,
					0.0,
					0.7071067690849304,
					0.7071067690849304,
					5000.0,
					0.0,
					-0.7071067690849304,
					0.7071067690849304,
					5000.0,
					0.0,
					0.0,
					0.0,
					1.0
				],
				"Intensity": 40.0,
				"Ambient": 0.10000000149011612,
				"CastShadow": true,
				"Sun": false
			}
		]
	}
}