{
	"World": {
		"Maps": [
			{
				"Name": "hopital02",
				"Position": [
					0.0,
					0.0,
					0.0
				]
			}
		],
		"Characters": [
			{
				"Name": "aluyn",
				"WorldTM": [
					-0.7071069478988647,
					0.0,
					-0.7071065902709961,
					-127853.046875,
					0.0,
					1.0,
					0.0,
					-7114.2861328125,
					0.7071065902709961,
					0.0,
					-0.7071069478988647,
					-186129.578125,
					0.0,
					0.0,
					0.0,
					1.0
				],
				"Script": ""
			},
			{
				"Name": "antil",
				"WorldTM": [
					-0.8660247325897217,
					0.0,
					0.49999919533729553,
					-106231.8125,
					0.0,
					1.0,
					0.0,
					-7111.255859375,
					-0.49999919533729553,
					0.0,
					-0.8660247325897217,
					-177161.53125,
					0.0,
					0.0,
					0.0,
					1.0
				],
				"Script": ""
			},
			{
				"Name": "capitaine",
				"WorldTM": [
					1.6451755868729379e-7,
					0.0,
					-0.9999982118606567,
					-115454.2109375,
					0.0,
					1.0,
					0.0,
					-7111.255859375,
					1.0406007766723633,
					0.0,
					3.278250346738787e-7,
					-176834.75,
					0.0,
					0.0,
					0.0,
					1.0
				],
				"Script": ""
			},
			{
				"Name": "christine",
				"WorldTM": [
					0.6560591459274292,
					0.0,
					-0.7547116279602051,
					-128642.953125,
					0.0,
					1.0,
					0.0,
					-7114.18505859375,
					0.7547116279602051,
					0.0,
					0.6560591459274292,
					-187099.0,
					0.0,
					0.0,
					0.0,
					1.0
				],
				"Script": ""
			},
			{
				"Name": "curvy",
				"WorldTM": [
					0.6293242573738098,
					0.0,
					-0.7771522402763367,
					-127894.5234375,
					0.0,
					1.0,
					0.0,
					-7114.18505859375,
					0.7771522402763367,
					0.0,
					0.6293242573738098,
					-185789.734375,
					0.0,
					0.0,
					0.0,
					1.0
				],
				"Script": ""
			},
			{
				"Name": "garde hopital",
				"WorldTM": [
					-0.10452822595834732,
					0.0,
					-0.9945216774940491,
					-127851.171875,
					0.0,
					1.0,
					0.0,
					-7114.18505859375,
					0.9945216774940491,
					0.0,
					-0.10452822595834732,
					-184026.265625,
					0.0,
					0.0,
					0.0,
					1.0
				],
				"Script": "onExitHospitalArea"
			},
			{
				"Name": "garde-caserne",
				"WorldTM": [
					-1.7881366431993229e-7,
					0.0,
					-0.9999978542327881,
					-123403.0546875,
					0.0,
					1.0,
					0.0,
					-7051.619140625,
					0.9999978542327881,
					0.0,
					-1.7881366431993229e-7,
					-177253.140625,
					0.0,
					0.0,
					0.0,
					1.0
				],
				"Script": ""
			},
			{
				"Name": "garde-caserne_1",
				"WorldTM": [
					-1.7881366431993229e-7,
					0.0,
					-0.9999978542327881,
					-123419.90625,
					0.0,
					1.0,
					0.0,
					-7051.619140625,
					0.9999978542327881,
					0.0,
					-1.7881366431993229e-7,
					-176933.71875,
					0.0,
					0.0,
					0.0,
					1.0
				],
				"Script": ""
			},
			{
				"Name": "geraldine",
				"WorldTM": [
					-0.9986287355422974,
					0.0,
					0.05233589559793472,
					-128220.2109375,
					0.0,
					1.0,
					0.0,
					-7114.2861328125,
					-0.05233589559793472,
					0.0,
					-0.9986287355422974,
					-185002.28125,
					0.0,
					0.0,
					0.0,
					1.0
				],
				"Script": ""
			},
			{
				"Name": "hasna",
				"WorldTM": [
					-0.9993894696235657,
					0.0,
					-0.034899767488241196,
					-128849.4609375,
					0.0,
					1.0,
					0.0,
					-7114.18505859375,
					0.034899767488241196,
					0.0,
					-0.9993894696235657,
					-186536.609375,
					0.0,
					0.0,
					0.0,
					1.0
				],
				"Script": ""
			},
			{
				"Name": "maradriya",
				"WorldTM": [
					-1.6391264523463178e-7,
					0.0,
					-0.9999985098838806,
					-124339.8359375,
					0.0,
					1.0,
					0.0,
					-7166.103515625,
					0.9999985098838806,
					0.0,
					-1.6391264523463178e-7,
					-179743.46875,
					0.0,
					0.0,
					0.0,
					1.0
				],
				"Script": ""
			},
			{
				"Name": "mirabelle",
				"WorldTM": [
					-4.433089202393603e-7,
					0.0,
					1.0000125169754028,
					-128820.953125,
					0.0,
					1.0,
					0.0,
					-7114.18505859375,
					-1.0000125169754028,
					0.0,
					-4.433089202393603e-7,
					-185773.8125,
					0.0,
					0.0,
					0.0,
					1.0
				],
				"Script": ""
			},
			{
				"Name": "namia",
				"WorldTM": [
					-0.034898724406957626,
					0.0,
					-0.9993907809257507,
					-127864.921875,
					0.0,
					1.0,
					0.0,
					-7114.18505859375,
					0.9993907809257507,
					0.0,
					-0.034898724406957626,
					-186925.015625,
					0.0,
					0.0,
					0.0,
					1.0
				],
				"Script": ""
			},
			{
				"Name": "player",
				"WorldTM": [
					0.9999990463256836,
					0.0,
					-3.126388037344441e-13,
					-128356.140625,
					0.0,
					1.0,
					0.0,
					-7103.95068359375,
					3.126388037344441e-13,
					0.0,
					0.9999990463256836,
					-187025.625,
					0.0,
					0.0,
					0.0,
					1.0
				],
				"Script": ""
			},
			{
				"Name": "ranja",
				"WorldTM": [
					-0.9889507293701172,
					0.0,
					-0.050629355013370514,
					-128542.53125,
					0.0,
					1.0,
					0.0,
					-7114.18505859375,
					0.05352402478456497,
					0.0,
					-0.9984191656112671,
					-183574.234375,
					0.0,
					0.0,
					0.0,
					1.0
				],
				"Script": ""
			},
			{
				"Name": "ratb",
				"WorldTM": [
					-2.086162567138672e-7,
					0.0,
					0.9999998211860657,
					-98547.9140625,
					0.0,
					1.0,
					0.0,
					-7282.88720703125,
					-0.9999998211860657,
					0.0,
					-2.086162567138672e-7,
					-169205.265625,
					0.0,
					0.0,
					0.0,
					1.0
				],
				"Script": ""
			},
			{
				"Name": "ratb_1",
				"WorldTM": [
					0.866025984287262,
					0.0,
					0.5000001192092896,
					-97946.03125,
					0.0,
					1.0,
					0.0,
					-7282.88671875,
					-0.5000001192092896,
					0.0,
					0.866025984287262,
					-169234.8125,
					0.0,
					0.0,
					0.0,
					1.0
				],
				"Script": ""
			},
			{
				"Name": "ratb_10",
				"WorldTM": [
					-2.086162567138672e-7,
					0.0,
					0.9999998211860657,
					-98115.5,
					0.0,
					1.0,
					0.0,
					-7282.88671875,
					-0.9999998211860657,
					0.0,
					-2.086162567138672e-7,
					-169199.9375,
					0.0,
					0.0,
					0.0,
					1.0
				],
				"Script": ""
			},
			{
				"Name": "ratb_2",
				"WorldTM": [
					-2.086162567138672e-7,
					0.0,
					0.9999998211860657,
					-98297.859375,
					0.0,
					1.0,
					0.0,
					-7282.88671875,
					-0.9999998211860657,
					0.0,
					-2.086162567138672e-7,
					-169463.828125,
					0.0,
					0.0,
					0.0,
					1.0
				],
				"Script": ""
			},
			{
				"Name": "ratb_3",
				"WorldTM": [
					-2.086162567138672e-7,
					0.0,
					0.9999998211860657,
					-98242.796875,
					0.0,
					1.0,
					0.0,
					-7282.88671875,
					-0.9999998211860657,
					0.0,
					-2.086162567138672e-7,
					-169134.34375,
					0.0,
					0.0,
					0.0,
					1.0
				],
				"Script": ""
			},
			{
				"Name": "ratb_4",
				"WorldTM": [
					-0.8660233616828918,
					0.0,
					-0.4999983012676239,
					-115090.3984375,
					0.0,
					1.0,
					0.0,
					-7135.0419921875,
					0.4999983012676239,
					0.0,
					-0.8660233616828918,
					-173797.140625,
					0.0,
					0.0,
					0.0,
					1.0
				],
				"Script": ""
			},
			{
				"Name": "ratb_5",
				"WorldTM": [
					-2.086162567138672e-7,
					0.0,
					0.9999998211860657,
					-98111.0625,
					0.0,
					1.0,
					0.0,
					-7282.88623046875,
					-0.9999998211860657,
					0.0,
					-2.086162567138672e-7,
					-169566.046875,
					0.0,
					0.0,
					0.0,
					1.0
				],
				"Script": ""
			},
			{
				"Name": "ratb_6",
				"WorldTM": [
					-2.086162567138672e-7,
					0.0,
					0.9999998211860657,
					-98003.125,
					0.0,
					1.0,
					0.0,
					-7282.88623046875,
					-0.9999998211860657,
					0.0,
					-2.086162567138672e-7,
					-169570.96875,
					0.0,
					0.0,
					0.0,
					1.0
				],
				"Script": ""
			},
			{
				"Name": "ratb_7",
				"WorldTM": [
					-2.086162567138672e-7,
					0.0,
					0.9999998211860657,
					-98644.5390625,
					0.0,
					1.0,
					0.0,
					-7282.88720703125,
					-0.9999998211860657,
					0.0,
					-2.086162567138672e-7,
					-169523.78125,
					0.0,
					0.0,
					0.0,
					1.0
				],
				"Script": ""
			},
			{
				"Name": "ratb_8",
				"WorldTM": [
					-2.086162567138672e-7,
					0.0,
					0.9999998211860657,
					-98361.7265625,
					0.0,
					1.0,
					0.0,
					-7282.88671875,
					-0.9999998211860657,
					0.0,
					-2.086162567138672e-7,
					-169252.640625,
					0.0,
					0.0,
					0.0,
					1.0
				],
				"Script": ""
			},
			{
				"Name": "ratb_9",
				"WorldTM": [
					-1.9371513815258368e-7,
					0.0,
					0.9999998211860657,
					-98457.9140625,
					0.0,
					1.0,
					0.0,
					-7282.88720703125,
					-0.9999998211860657,
					0.0,
					-1.9371513815258368e-7,
					-169215.265625,
					0.0,
					0.0,
					0.0,
					1.0
				],
				"Script": ""
			},
			{
				"Name": "xiam2",
				"WorldTM": [
					1.0,
					0.0,
					0.0,
					175910.0,
					0.0,
					1.0,
					0.0,
					-7805.72607421875,
					0.0,
					0.0,
					1.0,
					315532.0,
					0.0,
					0.0,
					0.0,
					1.0
				],
				"Script": ""
			}
		],
		"StaticEntities": [
			{
				"Name": "buildings/caserne-big.bme",
				"WorldTMs": [
					[
						0.999999463558197,
						0.0,
						1.4901161193847656e-8,
						-110818.96875,
						0.0,
						1.0,
						0.0,
						-6603.19189453125,
						-1.4901161193847656e-8,
						0.0,
						0.999999463558197,
						-176897.078125,
						0.0,
						0.0,
						0.0,
						1.0
					]
				]
			},
			{
				"Name": "buildings/infirmerie.bme",
				"WorldTMs": [
					[
						-0.9999995231628418,
						0.0,
						3.2782554626464844e-7,
						-128389.828125,
						0.0,
						1.0,
						0.0,
						-6196.4072265625,
						-3.2782554626464844e-7,
						0.0,
						-0.9999995231628418,
						-185359.875,
						0.0,
						0.0,
						0.0,
						1.0
					]
				]
			},
			{
				"Name": "buildings/maison.bme",
				"WorldTMs": [
					[
						5.960464477539063e-7,
						0.0,
						0.9999994039535522,
						-128158.6484375,
						0.0,
						1.0,
						0.0,
						-6589.8876953125,
						-0.9999994039535522,
						0.0,
						5.960464477539063e-7,
						-175202.03125,
						0.0,
						0.0,
						0.0,
						1.0
					]
				]
			},
			{
				"Name": "buildings/monument.bme",
				"WorldTMs": [
					[
						1.0,
						0.0,
						0.0,
						-174617.78125,
						0.0,
						1.0,
						0.0,
						6781.1796875,
						0.0,
						0.0,
						1.0,
						-321383.4375,
						0.0,
						0.0,
						0.0,
						1.0
					]
				]
			},
			{
				"Name": "buildings/obelisque.bme",
				"WorldTMs": [
					[
						0.9999999403953552,
						0.0,
						0.0,
						-115675.125,
						0.0,
						1.0,
						0.0,
						-4521.36474609375,
						0.0,
						0.0,
						0.9999999403953552,
						-189909.375,
						0.0,
						0.0,
						0.0,
						1.0
					]
				]
			},
			{
				"Name": "furnitures/bed.bme",
				"WorldTMs": [
					[
						-4.172294723048253e-7,
						0.0,
						0.9999980330467224,
						-127926.734375,
						0.0,
						1.0,
						0.0,
						-7174.61474609375,
						-0.9999980330467224,
						0.0,
						-4.172294723048253e-7,
						-186429.796875,
						0.0,
						0.0,
						0.0,
						1.0
					],
					[
						-1.4901149825163884e-7,
						0.0,
						0.9999986886978149,
						-127927.7578125,
						0.0,
						1.0,
						0.0,
						-7174.61474609375,
						-0.9999986886978149,
						0.0,
						-1.4901149825163884e-7,
						-185951.875,
						0.0,
						0.0,
						0.0,
						1.0
					],
					[
						-1.3411030863608175e-7,
						0.0,
						0.9999986886978149,
						-127926.875,
						0.0,
						1.0,
						0.0,
						-7174.61474609375,
						-0.9999986886978149,
						0.0,
						-1.3411030863608175e-7,
						-186814.09375,
						0.0,
						0.0,
						0.0,
						1.0
					],
					[
						-7.89760633779224e-7,
						0.0,
						0.9999978542327881,
						-127926.046875,
						0.0,
						1.0,
						0.0,
						-7174.61474609375,
						-0.9999978542327881,
						0.0,
						-7.89760633779224e-7,
						-187226.296875,
						0.0,
						0.0,
						0.0,
						1.0
					],
					[
						-2.831226595390035e-7,
						0.0,
						-0.9999985694885254,
						-128847.7109375,
						0.0,
						1.0,
						0.0,
						-7174.61474609375,
						0.9999985694885254,
						0.0,
						-2.831226595390035e-7,
						-186870.609375,
						0.0,
						0.0,
						0.0,
						1.0
					],
					[
						-2.980203817060101e-7,
						0.0,
						-0.9999988079071045,
						-128825.21875,
						0.0,
						1.0,
						0.0,
						-7174.61474609375,
						0.9999988079071045,
						0.0,
						-2.980203817060101e-7,
						-186444.15625,
						0.0,
						0.0,
						0.0,
						1.0
					],
					[
						-3.278252336258447e-7,
						0.0,
						-0.9999986886978149,
						-128816.203125,
						0.0,
						1.0,
						0.0,
						-7174.61474609375,
						0.9999986886978149,
						0.0,
						-3.278252336258447e-7,
						-185949.09375,
						0.0,
						0.0,
						0.0,
						1.0
					],
					[
						-2.9243500421216595e-7,
						0.0,
						0.9999988079071045,
						-127925.265625,
						0.0,
						1.0,
						0.0,
						-7174.61474609375,
						-0.9999988079071045,
						0.0,
						-2.9243500421216595e-7,
						-185581.5,
						0.0,
						0.0,
						0.0,
						1.0
					],
					[
						-1.3410986809958558e-7,
						0.0,
						-0.9999986886978149,
						-128844.8984375,
						0.0,
						1.0,
						0.0,
						-7174.61474609375,
						0.9999986886978149,
						0.0,
						-1.3410986809958558e-7,
						-187207.265625,
						0.0,
						0.0,
						0.0,
						1.0
					],
					[
						-1.4015971316894138e-7,
						0.0,
						-0.9999986886978149,
						-128829.234375,
						0.0,
						1.0,
						0.0,
						-7174.61474609375,
						0.99009770154953,
						0.0,
						-1.4156042027479998e-7,
						-185589.984375,
						0.0,
						0.0,
						0.0,
						1.0
					]
				]
			},
			{
				"Name": "furnitures/chair.bme",
				"WorldTMs": [
					[
						-1.0989592169607931e-7,
						0.0,
						0.9999988079071045,
						-127851.875,
						0.0,
						1.0,
						0.0,
						-7156.517578125,
						-0.9999988079071045,
						0.0,
						-1.0989592169607931e-7,
						-187051.859375,
						0.0,
						0.0,
						0.0,
						1.0
					],
					[
						-7.45052659567591e-8,
						0.0,
						0.9999986886978149,
						-127846.65625,
						0.0,
						1.0,
						0.0,
						-7156.517578125,
						-0.9999986886978149,
						0.0,
						-7.45052659567591e-8,
						-186623.03125,
						0.0,
						0.0,
						0.0,
						1.0
					],
					[
						-7.45052659567591e-8,
						0.0,
						0.9999986886978149,
						-127850.2421875,
						0.0,
						1.0,
						0.0,
						-7156.517578125,
						-0.9999986886978149,
						0.0,
						-7.45052659567591e-8,
						-186240.265625,
						0.0,
						0.0,
						0.0,
						1.0
					],
					[
						-8.940682505453879e-8,
						0.0,
						0.9999986886978149,
						-127850.453125,
						0.0,
						1.0,
						0.0,
						-7156.517578125,
						-0.9999986886978149,
						0.0,
						-8.940682505453879e-8,
						-186053.828125,
						0.0,
						0.0,
						0.0,
						1.0
					],
					[
						-8.940735085616325e-8,
						0.0,
						-0.9999982714653015,
						-128924.890625,
						0.0,
						1.0,
						0.0,
						-7156.517578125,
						0.9999982714653015,
						0.0,
						-8.940735085616325e-8,
						-185712.703125,
						0.0,
						0.0,
						0.0,
						1.0
					],
					[
						-2.5890741994771815e-7,
						0.0,
						-0.9999988079071045,
						-128912.375,
						0.0,
						1.0,
						0.0,
						-7156.517578125,
						0.9999988079071045,
						0.0,
						-2.5890741994771815e-7,
						-186061.828125,
						0.0,
						0.0,
						0.0,
						1.0
					],
					[
						-0.03489977866411209,
						0.0,
						-0.9993895888328552,
						-128913.9375,
						0.0,
						1.0,
						0.0,
						-7156.517578125,
						0.9993895888328552,
						0.0,
						-0.03489977866411209,
						-186345.0625,
						0.0,
						0.0,
						0.0,
						1.0
					],
					[
						-2.533195129217347e-7,
						0.0,
						-0.9999985694885254,
						-128907.9921875,
						0.0,
						1.0,
						0.0,
						-7156.517578125,
						0.9999985694885254,
						0.0,
						-2.533195129217347e-7,
						-186735.609375,
						0.0,
						0.0,
						0.0,
						1.0
					],
					[
						-0.069756418466568,
						0.0,
						0.9975622892379761,
						-127857.015625,
						0.0,
						1.0,
						0.0,
						-7156.517578125,
						-0.9975622892379761,
						0.0,
						-0.069756418466568,
						-185396.640625,
						0.0,
						0.0,
						0.0,
						1.0
					],
					[
						0.30901622772216797,
						0.0,
						-0.9510551691055298,
						-128921.203125,
						0.0,
						1.0,
						0.0,
						-7156.517578125,
						0.9510551691055298,
						0.0,
						0.30901622772216797,
						-187092.203125,
						0.0,
						0.0,
						0.0,
						1.0
					],
					[
						-0.9999984502792358,
						0.0,
						3.427291517255071e-7,
						-128334.5625,
						0.0,
						1.0,
						0.0,
						-7156.517578125,
						-3.427291517255071e-7,
						0.0,
						-0.9999984502792358,
						-187244.875,
						0.0,
						0.0,
						0.0,
						1.0
					],
					[
						-0.17364796996116638,
						0.0,
						-0.9848058223724365,
						-128915.953125,
						0.0,
						1.0,
						0.0,
						-7156.517578125,
						0.9848058223724365,
						0.0,
						-0.17364796996116638,
						-185432.6875,
						0.0,
						0.0,
						0.0,
						1.0
					]
				]
			},
			{
				"Name": "furnitures/table.bme",
				"WorldTMs": [
					[
						0.999998927116394,
						0.0,
						-1.4900280120855314e-8,
						-128301.3359375,
						0.0,
						1.0,
						0.0,
						-7161.7041015625,
						1.4900280120855314e-8,
						0.0,
						0.999998927116394,
						-183579.671875,
						0.0,
						0.0,
						0.0,
						1.0
					]
				]
			}
		],
		"Areas": [
			{
				"Name": "area-hospital",
				"WorldTM": [
					0.9999983310699463,
					0.0,
					-1.4900365385983605e-8,
					-128439.0,
					0.0,
					1.0,
					0.0,
					-6959.09423828125,
					1.4900365385983605e-8,
					0.0,
					0.9999983310699463,
					-185401.6875,
					0.0,
					0.0,
					0.0,
					1.0
				],
				"Dimension": [
					1257.160888671875,
					567.128662109375,
					3908.658935546875
				]
			}
		],
		"Items": [
			{
				"ID": "Fiole",
				"WorldTMs": [
					[
						-1.2040126762258296e-7,
						0.0,
						0.9999985694885254,
						-128189.203125,
						0.0,
						1.0,
						0.0,
						-7112.15087890625,
						-1.0099985599517822,
						0.0,
						-1.1920894849026809e-7,
						-183573.765625,
						0.0,
						0.0,
						0.0,
						1.0
					],
					[
						0.999998927116394,
						0.0,
						-1.4900280120855314e-8,
						-128337.7265625,
						0.0,
						1.0,
						0.0,
						-7112.15087890625,
						1.4900280120855314e-8,
						0.0,
						0.999998927116394,
						-183615.078125,
						0.0,
						0.0,
						0.0,
						1.0
					],
					[
						0.999998927116394,
						0.0,
						-1.4900280120855314e-8,
						-128259.1015625,
						0.0,
						1.0,
						0.0,
						-7201.1044921875,
						1.4900280120855314e-8,
						0.0,
						0.999998927116394,
						-183601.171875,
						0.0,
						0.0,
						0.0,
						1.0
					],
					[
						0.9999998807907104,
						0.0,
						-1.490070644649677e-8,
						-128275.96875,
						0.0,
						1.0,
						0.0,
						-7283.96484375,
						1.490070644649677e-8,
						0.0,
						0.9999998807907104,
						-183602.796875,
						0.0,
						0.0,
						0.0,
						1.0
					],
					[
						0.9999998807907104,
						0.0,
						-1.4901075928719365e-8,
						-128230.546875,
						0.0,
						1.0,
						0.0,
						-7283.96484375,
						1.4901075928719365e-8,
						0.0,
						0.9999998807907104,
						-179133.890625,
						0.0,
						0.0,
						0.0,
						1.0
					]
				]
			},
			{
				"ID": "Vase",
				"WorldTMs": [
					[
						0.999998927116394,
						0.0,
						-1.4900280120855314e-8,
						-128286.484375,
						0.0,
						1.0,
						0.0,
						-7102.1962890625,
						1.4900280120855314e-8,
						0.0,
						0.999998927116394,
						-183569.4375,
						0.0,
						0.0,
						0.0,
						1.0
					],
					[
						0.999998927116394,
						0.0,
						-1.4900280120855314e-8,
						-128377.75,
						0.0,
						1.0,
						0.0,
						-7102.1962890625,
						1.4900280120855314e-8,
						0.0,
						0.999998927116394,
						-183586.296875,
						0.0,
						0.0,
						0.0,
						1.0
					],
					[
						0.999998927116394,
						0.0,
						-1.4900280120855314e-8,
						-128222.25,
						0.0,
						1.0,
						0.0,
						-7180.99755859375,
						1.4900280120855314e-8,
						0.0,
						0.999998927116394,
						-183657.734375,
						0.0,
						0.0,
						0.0,
						1.0
					],
					[
						0.999998927116394,
						0.0,
						-1.4900280120855314e-8,
						-128221.9140625,
						0.0,
						1.0,
						0.0,
						-7102.1962890625,
						1.4900280120855314e-8,
						0.0,
						0.999998927116394,
						-183585.890625,
						0.0,
						0.0,
						0.0,
						1.0
					]
				]
			}
		],
		"Lights": [
			{
				"WorldTM": [
					-0.5000002980232239,
					0.5566681027412415,
					-0.6634130477905273,
					-132664.203125,
					-0.000001037731863107183,
					0.7660439610481262,
					0.6427865028381348,
					-1766.945556640625,
					0.8660238981246948,
					0.3213934302330017,
					-0.38302314281463623,
					-182000.0,
					0.0,
					0.0,
					0.0,
					1.0
				],
				"Intensity": 0.009999999776482582,
				"Ambient": 0.20000000298023224,
				"CastShadow": true,
				"Sun": false,
				"ShadowFrustumSize": {
					"width": 50000.0,
					"height": 50000.0,
					"far": 50000.0
				},
				"Type": "dir"
			}
		]
	}
}