{
	"World": {
		"Maps": [
			{
				"Name": "hopital02",
				"Position": [
					0.0,
					0.0,
					0.0
				]
			}
		],
		"Characters": [
			{
				"Name": "antil",
				"WorldTM": [
					-0.8660251498222351,
					0.0,
					0.4999995231628418,
					-95501.796875,
					0.0,
					1.0,
					0.0,
					-7136.6875,
					-0.4999995231628418,
					0.0,
					-0.8660251498222351,
					-165531.296875,
					0.0,
					0.0,
					0.0,
					1.0
				],
				"Script": ""
			},
			{
				"Name": "aluyn",
				"WorldTM": [
					-0.707107663154602,
					0.0,
					-0.7071073055267334,
					-127853.046875,
					0.0,
					1.0,
					0.0,
					-7114.2861328125,
					0.7071073055267334,
					0.0,
					-0.707107663154602,
					-186129.328125,
					0.0,
					0.0,
					0.0,
					1.0
				],
				"Script": ""
			},
			{
				"Name": "capitaine",
				"WorldTM": [
					-0.5,
					0.0,
					-0.866024911403656,
					-98049.3984375,
					0.0,
					1.0,
					0.0,
					-7136.6875,
					0.901188313961029,
					0.0,
					-0.5203015208244324,
					-164221.125,
					0.0,
					0.0,
					0.0,
					1.0
				],
				"Script": ""
			},
			{
				"Name": "christine",
				"WorldTM": [
					0.656059741973877,
					0.0,
					-0.7547123432159424,
					-128642.953125,
					0.0,
					1.0,
					0.0,
					-7114.18505859375,
					0.7547123432159424,
					0.0,
					0.656059741973877,
					-187098.75,
					0.0,
					0.0,
					0.0,
					1.0
				],
				"Script": ""
			},
			{
				"Name": "curvy",
				"WorldTM": [
					0.6293248534202576,
					0.0,
					-0.777152955532074,
					-127894.5234375,
					0.0,
					1.0,
					0.0,
					-7114.18505859375,
					0.777152955532074,
					0.0,
					0.6293248534202576,
					-185789.484375,
					0.0,
					0.0,
					0.0,
					1.0
				],
				"Script": ""
			},
			{
				"Name": "garde hopital",
				"WorldTM": [
					-0.10452833026647568,
					0.0,
					-0.9945226311683655,
					-127851.171875,
					0.0,
					1.0,
					0.0,
					-7114.18505859375,
					0.9945226311683655,
					0.0,
					-0.10452833026647568,
					-184026.015625,
					0.0,
					0.0,
					0.0,
					1.0
				],
				"Script": "onExitHospitalArea"
			},
			{
				"Name": "garde-caserne",
				"WorldTM": [
					-1.4901161193847656e-7,
					0.0,
					-0.9999997615814209,
					-106613.5078125,
					0.0,
					1.0,
					0.0,
					-7156.68798828125,
					0.9999997615814209,
					0.0,
					-1.4901161193847656e-7,
					-165652.25,
					0.0,
					0.0,
					0.0,
					1.0
				],
				"Script": ""
			},
			{
				"Name": "garde-caserne_1",
				"WorldTM": [
					-2.086162567138672e-7,
					0.0,
					-0.9999997019767761,
					-106648.65625,
					0.0,
					1.0,
					0.0,
					-7156.68798828125,
					0.9999997019767761,
					0.0,
					-2.086162567138672e-7,
					-165041.59375,
					0.0,
					0.0,
					0.0,
					1.0
				],
				"Script": ""
			},
			{
				"Name": "geraldine",
				"WorldTM": [
					-0.9986296892166138,
					0.0,
					0.0523359477519989,
					-128220.2109375,
					0.0,
					1.0,
					0.0,
					-7114.2861328125,
					-0.0523359477519989,
					0.0,
					-0.9986296892166138,
					-185002.03125,
					0.0,
					0.0,
					0.0,
					1.0
				],
				"Script": ""
			},
			{
				"Name": "hasna",
				"WorldTM": [
					-0.9993904232978821,
					0.0,
					-0.03489979729056358,
					-128849.4609375,
					0.0,
					1.0,
					0.0,
					-7114.18505859375,
					0.03489979729056358,
					0.0,
					-0.9993904232978821,
					-186536.359375,
					0.0,
					0.0,
					0.0,
					1.0
				],
				"Script": ""
			},
			{
				"Name": "mirabelle",
				"WorldTM": [
					-4.433092897215829e-7,
					0.0,
					1.0000134706497192,
					-128820.953125,
					0.0,
					1.0,
					0.0,
					-7114.18505859375,
					-1.0000134706497192,
					0.0,
					-4.433092897215829e-7,
					-185773.5625,
					0.0,
					0.0,
					0.0,
					1.0
				],
				"Script": ""
			},
			{
				"Name": "namia",
				"WorldTM": [
					-0.034898754209280014,
					0.0,
					-0.9993917346000671,
					-127864.921875,
					0.0,
					1.0,
					0.0,
					-7114.18505859375,
					0.9993917346000671,
					0.0,
					-0.034898754209280014,
					-186924.765625,
					0.0,
					0.0,
					0.0,
					1.0
				],
				"Script": ""
			},
			{
				"Name": "player",
				"WorldTM": [
					1.0,
					0.0,
					-3.410605131648481e-13,
					-128356.140625,
					0.0,
					1.0,
					0.0,
					-7104.0908203125,
					3.410605131648481e-13,
					0.0,
					1.0,
					-187025.375,
					0.0,
					0.0,
					0.0,
					1.0
				],
				"Script": ""
			},
			{
				"Name": "ranja",
				"WorldTM": [
					-0.9889516830444336,
					0.0,
					-0.050629399716854095,
					-128542.53125,
					0.0,
					1.0,
					0.0,
					-7114.18505859375,
					0.05352407693862915,
					0.0,
					-0.9984201192855835,
					-183573.984375,
					0.0,
					0.0,
					0.0,
					1.0
				],
				"Script": ""
			},
			{
				"Name": "rat",
				"WorldTM": [
					1.0,
					0.0,
					-4.263257092186959e-14,
					-106200.6875,
					0.0,
					1.0,
					0.0,
					-7194.2421875,
					4.263257092186959e-14,
					0.0,
					1.0,
					-164135.8125,
					0.0,
					0.0,
					0.0,
					1.0
				],
				"Script": ""
			},
			{
				"Name": "rat_1",
				"WorldTM": [
					0.4999998211860657,
					0.0,
					-0.866025447845459,
					-106171.1328125,
					0.0,
					1.0,
					0.0,
					-7194.2421875,
					0.866025447845459,
					0.0,
					0.4999998211860657,
					-163533.9375,
					0.0,
					0.0,
					0.0,
					1.0
				],
				"Script": ""
			},
			{
				"Name": "rat_10",
				"WorldTM": [
					1.0,
					0.0,
					-4.263257092186959e-14,
					-106200.6875,
					0.0,
					1.0,
					0.0,
					-7194.2421875,
					4.263257092186959e-14,
					0.0,
					1.0,
					-164135.8125,
					0.0,
					0.0,
					0.0,
					1.0
				],
				"Script": ""
			},
			{
				"Name": "rat_2",
				"WorldTM": [
					1.0,
					0.0,
					-4.263257092186959e-14,
					-106206.015625,
					0.0,
					1.0,
					0.0,
					-7194.2421875,
					4.263257092186959e-14,
					0.0,
					1.0,
					-163703.40625,
					0.0,
					0.0,
					0.0,
					1.0
				],
				"Script": ""
			},
			{
				"Name": "rat_3",
				"WorldTM": [
					1.0,
					0.0,
					-4.263257092186959e-14,
					-105942.125,
					0.0,
					1.0,
					0.0,
					-7194.2421875,
					4.263257092186959e-14,
					0.0,
					1.0,
					-163885.765625,
					0.0,
					0.0,
					0.0,
					1.0
				],
				"Script": ""
			},
			{
				"Name": "rat_4",
				"WorldTM": [
					1.0,
					0.0,
					-4.263257092186959e-14,
					-106271.609375,
					0.0,
					1.0,
					0.0,
					-7194.2421875,
					4.263257092186959e-14,
					0.0,
					1.0,
					-163830.703125,
					0.0,
					0.0,
					0.0,
					1.0
				],
				"Script": ""
			},
			{
				"Name": "rat_5",
				"WorldTM": [
					1.0,
					0.0,
					-4.263257092186959e-14,
					-106160.8359375,
					0.0,
					1.0,
					0.0,
					-7194.2421875,
					4.263257092186959e-14,
					0.0,
					1.0,
					-164311.140625,
					0.0,
					0.0,
					0.0,
					1.0
				],
				"Script": ""
			},
			{
				"Name": "rat_6",
				"WorldTM": [
					1.0,
					0.0,
					-4.263257092186959e-14,
					-105839.8984375,
					0.0,
					1.0,
					0.0,
					-7194.2421875,
					4.263257092186959e-14,
					0.0,
					1.0,
					-163698.96875,
					0.0,
					0.0,
					0.0,
					1.0
				],
				"Script": ""
			},
			{
				"Name": "rat_7",
				"WorldTM": [
					1.0,
					0.0,
					-4.263257092186959e-14,
					-105834.9765625,
					0.0,
					1.0,
					0.0,
					-7194.2421875,
					4.263257092186959e-14,
					0.0,
					1.0,
					-163591.03125,
					0.0,
					0.0,
					0.0,
					1.0
				],
				"Script": ""
			},
			{
				"Name": "rat_8",
				"WorldTM": [
					1.0,
					0.0,
					-4.263257092186959e-14,
					-105882.171875,
					0.0,
					1.0,
					0.0,
					-7194.2421875,
					4.263257092186959e-14,
					0.0,
					1.0,
					-164232.4375,
					0.0,
					0.0,
					0.0,
					1.0
				],
				"Script": ""
			},
			{
				"Name": "rat_9",
				"WorldTM": [
					1.0,
					0.0,
					-4.263257092186959e-14,
					-106153.3125,
					0.0,
					1.0,
					0.0,
					-7194.2421875,
					4.263257092186959e-14,
					0.0,
					1.0,
					-163949.625,
					0.0,
					0.0,
					0.0,
					1.0
				],
				"Script": ""
			},
			{
				"Name": "xiam2",
				"WorldTM": [
					1.0,
					0.0,
					0.0,
					175910.0,
					0.0,
					1.0,
					0.0,
					-7805.72607421875,
					0.0,
					0.0,
					1.0,
					315532.0,
					0.0,
					0.0,
					0.0,
					1.0
				],
				"Script": ""
			}
		],
		"StaticEntities": [
			{
				"Name": "buildings/caserne2.bme",
				"WorldTMs": [
					[
						0.9999999403953552,
						0.0,
						0.0,
						-100088.96875,
						0.0,
						1.0,
						0.0,
						-6928.447265625,
						0.0,
						0.0,
						0.9999999403953552,
						-165267.078125,
						0.0,
						0.0,
						0.0,
						1.0
					]
				]
			},
			{
				"Name": "buildings/infirmerie.bme",
				"WorldTMs": [
					[
						-0.9999995231628418,
						0.0,
						3.2782554626464844e-7,
						-128389.828125,
						0.0,
						1.0,
						0.0,
						-6196.4072265625,
						-3.2782554626464844e-7,
						0.0,
						-0.9999995231628418,
						-185359.875,
						0.0,
						0.0,
						0.0,
						1.0
					]
				]
			},
			{
				"Name": "buildings/monument.bme",
				"WorldTMs": [
					[
						1.0,
						0.0,
						0.0,
						-174617.78125,
						0.0,
						1.0,
						0.0,
						6791.1796875,
						0.0,
						0.0,
						1.0,
						-321383.4375,
						0.0,
						0.0,
						0.0,
						1.0
					]
				]
			},
			{
				"Name": "furnitures/bed.bme",
				"WorldTMs": [
					[
						-4.172298986304668e-7,
						0.0,
						0.9999989867210388,
						-127926.734375,
						0.0,
						1.0,
						0.0,
						-7174.61474609375,
						-0.9999989867210388,
						0.0,
						-4.172298986304668e-7,
						-186429.546875,
						0.0,
						0.0,
						0.0,
						1.0
					],
					[
						-1.49011640360186e-7,
						0.0,
						0.9999996423721313,
						-127927.7578125,
						0.0,
						1.0,
						0.0,
						-7174.61474609375,
						-0.9999996423721313,
						0.0,
						-1.49011640360186e-7,
						-185951.625,
						0.0,
						0.0,
						0.0,
						1.0
					],
					[
						-1.3411042232291948e-7,
						0.0,
						0.9999996423721313,
						-127926.875,
						0.0,
						1.0,
						0.0,
						-7174.61474609375,
						-0.9999996423721313,
						0.0,
						-1.3411042232291948e-7,
						-186813.84375,
						0.0,
						0.0,
						0.0,
						1.0
					],
					[
						-7.897614295870881e-7,
						0.0,
						0.9999988079071045,
						-127926.046875,
						0.0,
						1.0,
						0.0,
						-7174.61474609375,
						-0.9999988079071045,
						0.0,
						-7.897614295870881e-7,
						-187226.046875,
						0.0,
						0.0,
						0.0,
						1.0
					],
					[
						-2.831224605870375e-7,
						0.0,
						-0.9999995231628418,
						-128847.7109375,
						0.0,
						1.0,
						0.0,
						-7174.61474609375,
						0.9999995231628418,
						0.0,
						-2.831224605870375e-7,
						-186870.359375,
						0.0,
						0.0,
						0.0,
						1.0
					],
					[
						-2.980206659231044e-7,
						0.0,
						-0.9999997615814209,
						-128825.21875,
						0.0,
						1.0,
						0.0,
						-7174.61474609375,
						0.9999997615814209,
						0.0,
						-2.980206659231044e-7,
						-186443.90625,
						0.0,
						0.0,
						0.0,
						1.0
					],
					[
						-3.2782557468635787e-7,
						0.0,
						-0.9999996423721313,
						-128816.203125,
						0.0,
						1.0,
						0.0,
						-7174.61474609375,
						0.9999996423721313,
						0.0,
						-3.2782557468635787e-7,
						-185948.84375,
						0.0,
						0.0,
						0.0,
						1.0
					],
					[
						-2.924352600075508e-7,
						0.0,
						0.9999997615814209,
						-127925.265625,
						0.0,
						1.0,
						0.0,
						-7174.61474609375,
						-0.9999997615814209,
						0.0,
						-2.924352600075508e-7,
						-185581.25,
						0.0,
						0.0,
						0.0,
						1.0
					],
					[
						-1.3411022337095346e-7,
						0.0,
						-0.9999996423721313,
						-128844.8984375,
						0.0,
						1.0,
						0.0,
						-7174.61474609375,
						0.9999996423721313,
						0.0,
						-1.3411022337095346e-7,
						-187207.015625,
						0.0,
						0.0,
						0.0,
						1.0
					],
					[
						-1.401596421146678e-7,
						0.0,
						-0.9999996423721313,
						-128829.234375,
						0.0,
						1.0,
						0.0,
						-7174.61474609375,
						0.9900986552238464,
						0.0,
						-1.415608039678773e-7,
						-185589.734375,
						0.0,
						0.0,
						0.0,
						1.0
					]
				]
			},
			{
				"Name": "furnitures/chair.bme",
				"WorldTMs": [
					[
						-1.0989603538291703e-7,
						0.0,
						0.9999997615814209,
						-127851.875,
						0.0,
						1.0,
						0.0,
						-7156.517578125,
						-0.9999997615814209,
						0.0,
						-1.0989603538291703e-7,
						-187051.609375,
						0.0,
						0.0,
						0.0,
						1.0
					],
					[
						-7.450532280017796e-8,
						0.0,
						0.9999996423721313,
						-127846.65625,
						0.0,
						1.0,
						0.0,
						-7156.517578125,
						-0.9999996423721313,
						0.0,
						-7.450532280017796e-8,
						-186622.78125,
						0.0,
						0.0,
						0.0,
						1.0
					],
					[
						-7.450532280017796e-8,
						0.0,
						0.9999996423721313,
						-127850.2421875,
						0.0,
						1.0,
						0.0,
						-7156.517578125,
						-0.9999996423721313,
						0.0,
						-7.450532280017796e-8,
						-186240.015625,
						0.0,
						0.0,
						0.0,
						1.0
					],
					[
						-8.940691031966708e-8,
						0.0,
						0.9999996423721313,
						-127850.453125,
						0.0,
						1.0,
						0.0,
						-7156.517578125,
						-0.9999996423721313,
						0.0,
						-8.940691031966708e-8,
						-186053.578125,
						0.0,
						0.0,
						0.0,
						1.0
					],
					[
						-8.940719453676138e-8,
						0.0,
						-0.9999992251396179,
						-128924.890625,
						0.0,
						1.0,
						0.0,
						-7156.517578125,
						0.9999992251396179,
						0.0,
						-8.940719453676138e-8,
						-185712.453125,
						0.0,
						0.0,
						0.0,
						1.0
					],
					[
						-2.589076473213936e-7,
						0.0,
						-0.9999997615814209,
						-128912.375,
						0.0,
						1.0,
						0.0,
						-7156.517578125,
						0.9999997615814209,
						0.0,
						-2.589076473213936e-7,
						-186061.578125,
						0.0,
						0.0,
						0.0,
						1.0
					],
					[
						-0.03489980846643448,
						0.0,
						-0.9993905425071716,
						-128913.9375,
						0.0,
						1.0,
						0.0,
						-7156.517578125,
						0.9993905425071716,
						0.0,
						-0.03489980846643448,
						-186344.8125,
						0.0,
						0.0,
						0.0,
						1.0
					],
					[
						-2.5331974029541016e-7,
						0.0,
						-0.9999995231628418,
						-128907.9921875,
						0.0,
						1.0,
						0.0,
						-7156.517578125,
						0.9999995231628418,
						0.0,
						-2.5331974029541016e-7,
						-186735.359375,
						0.0,
						0.0,
						0.0,
						1.0
					],
					[
						-0.06975647807121277,
						0.0,
						0.9975632429122925,
						-127857.015625,
						0.0,
						1.0,
						0.0,
						-7156.517578125,
						-0.9975632429122925,
						0.0,
						-0.06975647807121277,
						-185396.390625,
						0.0,
						0.0,
						0.0,
						1.0
					],
					[
						0.30901652574539185,
						0.0,
						-0.9510561227798462,
						-128921.203125,
						0.0,
						1.0,
						0.0,
						-7156.517578125,
						0.9510561227798462,
						0.0,
						0.30901652574539185,
						-187091.953125,
						0.0,
						0.0,
						0.0,
						1.0
					],
					[
						-0.9999994039535522,
						0.0,
						3.4272900961695996e-7,
						-128334.5625,
						0.0,
						1.0,
						0.0,
						-7156.517578125,
						-3.4272900961695996e-7,
						0.0,
						-0.9999994039535522,
						-187244.625,
						0.0,
						0.0,
						0.0,
						1.0
					],
					[
						-0.1736481487751007,
						0.0,
						-0.9848067760467529,
						-128915.953125,
						0.0,
						1.0,
						0.0,
						-7156.517578125,
						0.9848067760467529,
						0.0,
						-0.1736481487751007,
						-185432.4375,
						0.0,
						0.0,
						0.0,
						1.0
					]
				]
			},
			{
				"Name": "furnitures/table.bme",
				"WorldTMs": [
					[
						0.9999998807907104,
						0.0,
						-1.490076328991563e-8,
						-128301.3359375,
						0.0,
						1.0,
						0.0,
						-7161.7041015625,
						1.490076328991563e-8,
						0.0,
						0.9999998807907104,
						-183579.421875,
						0.0,
						0.0,
						0.0,
						1.0
					]
				]
			}
		],
		"Areas": [
			{
				"Name": "area-hospital",
				"WorldTM": [
					0.9999992847442627,
					0.0,
					-1.4900848555043922e-8,
					-128439.0,
					0.0,
					1.0,
					0.0,
					-6959.09423828125,
					1.4900848555043922e-8,
					0.0,
					0.9999992847442627,
					-185401.4375,
					0.0,
					0.0,
					0.0,
					1.0
				],
				"Dimension": [
					1257.160888671875,
					567.128662109375,
					3908.658935546875
				]
			}
		],
		"Items": [
			{
				"ID": "Fiole",
				"WorldTMs": [
					[
						-1.2040138130942069e-7,
						0.0,
						0.9999995231628418,
						-128189.203125,
						0.0,
						1.0,
						0.0,
						-7112.15087890625,
						-1.0099995136260986,
						0.0,
						-1.1920906217710581e-7,
						-183573.515625,
						0.0,
						0.0,
						0.0,
						1.0
					],
					[
						0.9999998807907104,
						0.0,
						-1.490076328991563e-8,
						-128337.7265625,
						0.0,
						1.0,
						0.0,
						-7112.15087890625,
						1.490076328991563e-8,
						0.0,
						0.9999998807907104,
						-183614.828125,
						0.0,
						0.0,
						0.0,
						1.0
					],
					[
						0.9999998807907104,
						0.0,
						-1.490076328991563e-8,
						-128259.1015625,
						0.0,
						1.0,
						0.0,
						-7201.1044921875,
						1.490076328991563e-8,
						0.0,
						0.9999998807907104,
						-183600.921875,
						0.0,
						0.0,
						0.0,
						1.0
					],
					[
						0.9999998807907104,
						0.0,
						-1.490076328991563e-8,
						-128275.96875,
						0.0,
						1.0,
						0.0,
						-7201.1044921875,
						1.490076328991563e-8,
						0.0,
						0.9999998807907104,
						-183602.765625,
						0.0,
						0.0,
						0.0,
						1.0
					],
					[
						0.9999998807907104,
						0.0,
						-1.4901075928719365e-8,
						-128230.546875,
						0.0,
						1.0,
						0.0,
						-7273.96484375,
						1.4901075928719365e-8,
						0.0,
						0.9999998807907104,
						-179133.890625,
						0.0,
						0.0,
						0.0,
						1.0
					]
				]
			},
			{
				"ID": "Vase",
				"WorldTMs": [
					[
						0.9999998807907104,
						0.0,
						-1.490076328991563e-8,
						-128286.484375,
						0.0,
						1.0,
						0.0,
						-7102.1962890625,
						1.490076328991563e-8,
						0.0,
						0.9999998807907104,
						-183569.1875,
						0.0,
						0.0,
						0.0,
						1.0
					],
					[
						0.9999998807907104,
						0.0,
						-1.490076328991563e-8,
						-128377.75,
						0.0,
						1.0,
						0.0,
						-7102.1962890625,
						1.490076328991563e-8,
						0.0,
						0.9999998807907104,
						-183586.046875,
						0.0,
						0.0,
						0.0,
						1.0
					],
					[
						0.9999998807907104,
						0.0,
						-1.490076328991563e-8,
						-128222.25,
						0.0,
						1.0,
						0.0,
						-7180.99755859375,
						1.490076328991563e-8,
						0.0,
						0.9999998807907104,
						-183657.484375,
						0.0,
						0.0,
						0.0,
						1.0
					],
					[
						0.9999998807907104,
						0.0,
						-1.490076328991563e-8,
						-128221.9140625,
						0.0,
						1.0,
						0.0,
						-7102.1962890625,
						1.490076328991563e-8,
						0.0,
						0.9999998807907104,
						-183585.640625,
						0.0,
						0.0,
						0.0,
						1.0
					]
				]
			}
		],
		"Lights": [
			{
				"Position": {
					"x": -128406.0,
					"y": -6750.0,
					"z": -186000.0
				},
				"Intensity": 0.10000000149011612,
				"Ambient": 0.0
			},
			{
				"Position": {
					"x": 0.0,
					"y": 1000000.0,
					"z": 0.0
				},
				"Intensity": 400000.0,
				"Ambient": 1.0
			},
			{
				"Position": {
					"x": -128455.0,
					"y": -6700.0,
					"z": -184000.0
				},
				"Intensity": 0.05000000074505806,
				"Ambient": 0.10000000149011612
			}
		]
	}
}