{
	"World": {
		"Maps": [
			{
				"Name": "hopital02",
				"Position": [
					0.0,
					0.0,
					0.0
				]
			}
		],
		"Characters": [
			{
				"Name": "Player",
				"WorldTM": [
					0.9417667984962463,
					0.0,
					-0.33627432584762573,
					-128355.921875,
					0.0,
					1.0,
					0.0,
					-7155.94873046875,
					0.33627432584762573,
					0.0,
					0.9417667984962463,
					-186921.984375,
					0.0,
					0.0,
					0.0,
					1.0
				],
				"Script": ""
			},
			{
				"Name": "aluyn",
				"WorldTM": [
					-0.7071082592010498,
					0.0,
					-0.7071079015731812,
					-127944.6015625,
					0.0,
					1.0,
					0.0,
					-7168.94775390625,
					0.7071079015731812,
					0.0,
					-0.7071082592010498,
					-186365.25,
					0.0,
					0.0,
					0.0,
					1.0
				],
				"Script": ""
			},
			{
				"Name": "capitaine",
				"WorldTM": [
					1.0000001192092896,
					0.0,
					0.0,
					-97328.546875,
					0.0,
					1.0,
					0.0,
					-7155.94873046875,
					0.0,
					0.0,
					1.040603518486023,
					-164512.46875,
					0.0,
					0.0,
					0.0,
					1.0
				],
				"Script": ""
			},
			{
				"Name": "christine",
				"WorldTM": [
					-0.62932288646698,
					0.0,
					-0.7771481871604919,
					-128578.90625,
					0.0,
					1.0,
					0.0,
					-7166.1953125,
					0.7771481871604919,
					0.0,
					-0.62932288646698,
					-187186.0625,
					0.0,
					0.0,
					0.0,
					1.0
				],
				"Script": ""
			},
			{
				"Name": "curvy",
				"WorldTM": [
					0.9563127160072327,
					0.0,
					-0.29237523674964905,
					-127946.4609375,
					0.0,
					1.0,
					0.0,
					-7166.1953125,
					0.29237523674964905,
					0.0,
					0.9563127160072327,
					-185860.96875,
					0.0,
					0.0,
					0.0,
					1.0
				],
				"Script": ""
			},
			{
				"Name": "garde hopital",
				"WorldTM": [
					-0.10452833026647568,
					0.0,
					-0.9945226311683655,
					-127906.1875,
					0.0,
					1.0,
					0.0,
					-7168.94775390625,
					0.9945226311683655,
					0.0,
					-0.10452833026647568,
					-184085.53125,
					0.0,
					0.0,
					0.0,
					1.0
				],
				"Script": "onExitHospitalArea"
			},
			{
				"Name": "geraldine",
				"WorldTM": [
					-0.9986296892166138,
					0.0,
					0.0523359477519989,
					-128330.9921875,
					0.0,
					1.0,
					0.0,
					-7168.94775390625,
					-0.0523359477519989,
					0.0,
					-0.9986296892166138,
					-185093.359375,
					0.0,
					0.0,
					0.0,
					1.0
				],
				"Script": ""
			},
			{
				"Name": "hasna",
				"WorldTM": [
					-0.9993904232978821,
					0.0,
					-0.03489979729056358,
					-128890.3515625,
					0.0,
					1.0,
					0.0,
					-7168.94775390625,
					0.03489979729056358,
					0.0,
					-0.9993904232978821,
					-186657.625,
					0.0,
					0.0,
					0.0,
					1.0
				],
				"Script": ""
			},
			{
				"Name": "mirabelle",
				"WorldTM": [
					-4.433092897215829e-7,
					0.0,
					1.0000134706497192,
					-128820.953125,
					0.0,
					1.0,
					0.0,
					-7166.1953125,
					-1.0000134706497192,
					0.0,
					-4.433092897215829e-7,
					-186013.328125,
					0.0,
					0.0,
					0.0,
					1.0
				],
				"Script": ""
			},
			{
				"Name": "namia",
				"WorldTM": [
					-0.034898754209280014,
					0.0,
					-0.9993917346000671,
					-127994.765625,
					0.0,
					1.0,
					0.0,
					-7166.1953125,
					0.9993917346000671,
					0.0,
					-0.034898754209280014,
					-187051.484375,
					0.0,
					0.0,
					0.0,
					1.0
				],
				"Script": ""
			},
			{
				"Name": "ranja",
				"WorldTM": [
					-0.9827191233634949,
					0.0,
					0.12186954915523529,
					-128487.859375,
					0.0,
					1.0,
					0.0,
					-7168.94775390625,
					-0.12066292017698288,
					0.0,
					-0.9925463199615479,
					-183588.46875,
					0.0,
					0.0,
					0.0,
					1.0
				],
				"Script": ""
			}
		],
		"StaticEntities": [
			{
				"Name": "buildings/maison.bme",
				"WorldTMs": [
					[
						-2.682209014892578e-7,
						0.0,
						-1.0000025033950806,
						-94464.2421875,
						0.0,
						1.0,
						0.0,
						-6589.91259765625,
						1.0000025033950806,
						0.0,
						-2.682209014892578e-7,
						-164899.9375,
						0.0,
						0.0,
						0.0,
						1.0
					],
					[
						1.4901161193847656e-7,
						0.0,
						-0.9999991655349731,
						-46062.87890625,
						0.0,
						1.0,
						0.0,
						-6589.91259765625,
						0.9999991655349731,
						0.0,
						1.4901161193847656e-7,
						-164752.515625,
						0.0,
						0.0,
						0.0,
						1.0
					],
					[
						5.960464477539063e-7,
						0.0,
						-0.9999991059303284,
						-94464.0,
						0.0,
						1.0,
						0.0,
						-6589.91259765625,
						0.9999991059303284,
						0.0,
						5.960464477539063e-7,
						-166463.15625,
						0.0,
						0.0,
						0.0,
						1.0
					]
				]
			},
			{
				"Name": "furnitures/bed.bme",
				"WorldTMs": [
					[
						-4.172298986304668e-7,
						0.0,
						0.9999989867210388,
						-127976.734375,
						0.0,
						1.0,
						0.0,
						-7227.23681640625,
						-0.9999989867210388,
						0.0,
						-4.172298986304668e-7,
						-186569.3125,
						0.0,
						0.0,
						0.0,
						1.0
					],
					[
						-1.6577538985984575e-7,
						0.0,
						0.9999997615814209,
						-127987.7578125,
						0.0,
						1.0,
						0.0,
						-7227.23681640625,
						-0.9999997615814209,
						0.0,
						-1.6577538985984575e-7,
						-186151.390625,
						0.0,
						0.0,
						0.0,
						1.0
					],
					[
						-1.3411042232291948e-7,
						0.0,
						0.9999996423721313,
						-127986.875,
						0.0,
						1.0,
						0.0,
						-7227.23681640625,
						-0.9999996423721313,
						0.0,
						-1.3411042232291948e-7,
						-186913.609375,
						0.0,
						0.0,
						0.0,
						1.0
					],
					[
						-7.897614295870881e-7,
						0.0,
						0.9999988079071045,
						-127986.046875,
						0.0,
						1.0,
						0.0,
						-7227.23681640625,
						-0.9999988079071045,
						0.0,
						-7.897614295870881e-7,
						-187305.8125,
						0.0,
						0.0,
						0.0,
						1.0
					],
					[
						-2.8312203426139604e-7,
						0.0,
						-0.9999995231628418,
						-128897.7109375,
						0.0,
						1.0,
						0.0,
						-7227.23681640625,
						0.9999995231628418,
						0.0,
						-2.8312203426139604e-7,
						-186910.125,
						0.0,
						0.0,
						0.0,
						1.0
					],
					[
						-2.980206659231044e-7,
						0.0,
						-0.9999997615814209,
						-128905.21875,
						0.0,
						1.0,
						0.0,
						-7227.23681640625,
						0.9999997615814209,
						0.0,
						-2.980206659231044e-7,
						-186563.671875,
						0.0,
						0.0,
						0.0,
						1.0
					],
					[
						-3.278229883107997e-7,
						0.0,
						-0.9999997615814209,
						-128909.8828125,
						0.0,
						1.0,
						0.0,
						-7227.23681640625,
						0.9999997615814209,
						0.0,
						-3.278229883107997e-7,
						-186146.203125,
						0.0,
						0.0,
						0.0,
						1.0
					],
					[
						-2.924352315858414e-7,
						0.0,
						0.9999997615814209,
						-127985.265625,
						0.0,
						1.0,
						0.0,
						-7227.23681640625,
						-0.9999997615814209,
						0.0,
						-2.924352315858414e-7,
						-185741.015625,
						0.0,
						0.0,
						0.0,
						1.0
					],
					[
						-1.341104365337742e-7,
						0.0,
						-0.9999996423721313,
						-128894.8984375,
						0.0,
						1.0,
						0.0,
						-7227.23681640625,
						0.9999996423721313,
						0.0,
						-1.341104365337742e-7,
						-187286.78125,
						0.0,
						0.0,
						0.0,
						1.0
					],
					[
						-1.4015942895184708e-7,
						0.0,
						-0.9999996423721313,
						-128909.234375,
						0.0,
						1.0,
						0.0,
						-7227.23681640625,
						0.9900986552238464,
						0.0,
						-1.4156101713069802e-7,
						-185743.34375,
						0.0,
						0.0,
						0.0,
						1.0
					]
				]
			},
			{
				"Name": "furnitures/chair.bme",
				"WorldTMs": [
					[
						-1.0989604248834439e-7,
						0.0,
						0.9999997615814209,
						-127901.875,
						0.0,
						1.0,
						0.0,
						-7209.13916015625,
						-0.9999997615814209,
						0.0,
						-1.0989604248834439e-7,
						-187171.375,
						0.0,
						0.0,
						0.0,
						1.0
					],
					[
						-7.450531569475061e-8,
						0.0,
						0.9999996423721313,
						-127896.65625,
						0.0,
						1.0,
						0.0,
						-7209.13916015625,
						-0.9999996423721313,
						0.0,
						-7.450531569475061e-8,
						-186782.546875,
						0.0,
						0.0,
						0.0,
						1.0
					],
					[
						-7.450531569475061e-8,
						0.0,
						0.9999996423721313,
						-127900.2421875,
						0.0,
						1.0,
						0.0,
						-7209.13916015625,
						-0.9999996423721313,
						0.0,
						-7.450531569475061e-8,
						-186439.78125,
						0.0,
						0.0,
						0.0,
						1.0
					],
					[
						-8.9406889003385e-8,
						0.0,
						0.9999996423721313,
						-127900.453125,
						0.0,
						1.0,
						0.0,
						-7209.13916015625,
						-0.9999996423721313,
						0.0,
						-8.9406889003385e-8,
						-186273.34375,
						0.0,
						0.0,
						0.0,
						1.0
					],
					[
						-0.6427873373031616,
						0.0,
						-0.7660438418388367,
						-128924.890625,
						0.0,
						1.0,
						0.0,
						-7209.13916015625,
						0.7660438418388367,
						0.0,
						-0.6427873373031616,
						-185872.21875,
						0.0,
						0.0,
						0.0,
						1.0
					],
					[
						-2.589076473213936e-7,
						0.0,
						-0.9999997615814209,
						-128992.375,
						0.0,
						1.0,
						0.0,
						-7209.13916015625,
						0.9999997615814209,
						0.0,
						-2.589076473213936e-7,
						-186261.34375,
						0.0,
						0.0,
						0.0,
						1.0
					],
					[
						-0.03489980846643448,
						0.0,
						-0.9993905425071716,
						-128992.9765625,
						0.0,
						1.0,
						0.0,
						-7209.13916015625,
						0.9993905425071716,
						0.0,
						-0.03489980846643448,
						-186470.25,
						0.0,
						0.0,
						0.0,
						1.0
					],
					[
						-2.235172757991677e-7,
						0.0,
						-0.9999996423721313,
						-128987.9921875,
						0.0,
						1.0,
						0.0,
						-7209.13916015625,
						0.9999996423721313,
						0.0,
						-2.235172757991677e-7,
						-186785.125,
						0.0,
						0.0,
						0.0,
						1.0
					],
					[
						0.1736479550600052,
						0.0,
						0.9848067760467529,
						-128167.671875,
						0.0,
						1.0,
						0.0,
						-7209.13916015625,
						-0.9848067760467529,
						0.0,
						0.1736479550600052,
						-186508.078125,
						0.0,
						0.0,
						0.0,
						1.0
					],
					[
						-0.03489980846643448,
						0.0,
						-0.9993906021118164,
						-128992.4375,
						0.0,
						1.0,
						0.0,
						-7209.13916015625,
						0.9993906021118164,
						0.0,
						-0.03489980846643448,
						-187187.3125,
						0.0,
						0.0,
						0.0,
						1.0
					],
					[
						-0.9999994039535522,
						0.0,
						3.427285832913185e-7,
						-128344.5625,
						0.0,
						1.0,
						0.0,
						-7209.13916015625,
						-3.427285832913185e-7,
						0.0,
						-0.9999994039535522,
						-187324.390625,
						0.0,
						0.0,
						0.0,
						1.0
					],
					[
						0.7660439610481262,
						0.0,
						-0.6427872776985168,
						-128436.7265625,
						0.0,
						1.0,
						0.0,
						-7209.13916015625,
						0.6427872776985168,
						0.0,
						0.7660439610481262,
						-186663.84375,
						0.0,
						0.0,
						0.0,
						1.0
					]
				]
			},
			{
				"Name": "furnitures/table.bme",
				"WorldTMs": [
					[
						0.9999998807907104,
						0.0,
						-1.4901170075631853e-8,
						-128311.3359375,
						0.0,
						1.0,
						0.0,
						-7214.326171875,
						1.4901170075631853e-8,
						0.0,
						0.9999998807907104,
						-183679.265625,
						0.0,
						0.0,
						0.0,
						1.0
					]
				]
			}
		],
		"Areas": [
			{
				"Name": "area-hospital",
				"WorldTM": [
					0.9999992847442627,
					0.0,
					-1.4901161193847656e-8,
					-128439.0,
					0.0,
					1.0,
					0.0,
					-6959.0947265625,
					1.4901161193847656e-8,
					0.0,
					0.9999992847442627,
					-185381.265625,
					0.0,
					0.0,
					0.0,
					1.0
				],
				"Dimension": [
					1257.160888671875,
					567.128662109375,
					3908.658935546875
				]
			}
		],
		"Items": [
			{
				"ID": "Fiole",
				"WorldTMs": [
					[
						-1.2040136709856597e-7,
						0.0,
						0.9999995231628418,
						-128199.203125,
						0.0,
						1.0,
						0.0,
						-7164.77294921875,
						-1.0099995136260986,
						0.0,
						-1.1920927533992653e-7,
						-183638.1875,
						0.0,
						0.0,
						0.0,
						1.0
					],
					[
						0.9999998807907104,
						0.0,
						-1.4901170075631853e-8,
						-128347.7265625,
						0.0,
						1.0,
						0.0,
						-7164.77294921875,
						1.4901170075631853e-8,
						0.0,
						0.9999998807907104,
						-183714.671875,
						0.0,
						0.0,
						0.0,
						1.0
					],
					[
						0.9999998807907104,
						0.0,
						-1.4901170075631853e-8,
						-128269.1015625,
						0.0,
						1.0,
						0.0,
						-7164.77294921875,
						1.4901170075631853e-8,
						0.0,
						0.9999998807907104,
						-183680.765625,
						0.0,
						0.0,
						0.0,
						1.0
					],
					[
						0.9999998807907104,
						0.0,
						-1.4901170075631853e-8,
						-128285.96875,
						0.0,
						1.0,
						0.0,
						-7164.77294921875,
						1.4901170075631853e-8,
						0.0,
						0.9999998807907104,
						-183702.609375,
						0.0,
						0.0,
						0.0,
						1.0
					],
					[
						0.9999998807907104,
						0.0,
						-1.4901170075631853e-8,
						-128240.546875,
						0.0,
						1.0,
						0.0,
						-7164.77294921875,
						1.4901170075631853e-8,
						0.0,
						0.9999998807907104,
						-183693.890625,
						0.0,
						0.0,
						0.0,
						1.0
					]
				]
			},
			{
				"ID": "Vase",
				"WorldTMs": [
					[
						0.9999998807907104,
						0.0,
						-1.4901170075631853e-8,
						-128296.484375,
						0.0,
						1.0,
						0.0,
						-7154.818359375,
						1.4901170075631853e-8,
						0.0,
						0.9999998807907104,
						-183669.03125,
						0.0,
						0.0,
						0.0,
						1.0
					],
					[
						0.9999998807907104,
						0.0,
						-1.4901170075631853e-8,
						-128387.75,
						0.0,
						1.0,
						0.0,
						-7154.818359375,
						1.4901170075631853e-8,
						0.0,
						0.9999998807907104,
						-183705.890625,
						0.0,
						0.0,
						0.0,
						1.0
					],
					[
						0.9999998807907104,
						0.0,
						-1.4901170075631853e-8,
						-128232.25,
						0.0,
						1.0,
						0.0,
						-7233.619140625,
						1.4901170075631853e-8,
						0.0,
						0.9999998807907104,
						-183757.328125,
						0.0,
						0.0,
						0.0,
						1.0
					],
					[
						0.9999998807907104,
						0.0,
						-1.4901170075631853e-8,
						-128231.9140625,
						0.0,
						1.0,
						0.0,
						-7154.818359375,
						1.4901170075631853e-8,
						0.0,
						0.9999998807907104,
						-183665.484375,
						0.0,
						0.0,
						0.0,
						1.0
					]
				]
			}
		],
		"Lights": [
			{
				"Position": {
					"x": 0.0,
					"y": 200000.0,
					"z": -1000000.0
				},
				"Intensity": 100000.0,
				"Ambient": 0.5
			},
			{
				"Position": {
					"x": 0.0,
					"y": 200000.0,
					"z": 1000000.0
				},
				"Intensity": 100000.0,
				"Ambient": 0.5
			},
			{
				"Position": {
					"x": -1000000.0,
					"y": 200000.0,
					"z": 0.0
				},
				"Intensity": 100000.0,
				"Ambient": 0.5
			},
			{
				"Position": {
					"x": 1000000.0,
					"y": 200000.0,
					"z": 0.0
				},
				"Intensity": 100000.0,
				"Ambient": 0.5
			},
			{
				"Position": {
					"x": 0.0,
					"y": 1000000.0,
					"z": 0.0
				},
				"Intensity": 300000.0,
				"Ambient": 0.5
			}
		]
	}
}