{
	"World": {
		"Maps": [
			{
				"Name": "hopital02",
				"Position": [
					0.0,
					0.0,
					0.0
				]
			}
		],
		"Characters": [
			{
				"Name": "Player",
				"WorldTM": [
					0.9417669177055359,
					0.0,
					-0.3362743556499481,
					-23215.9296875,
					0.0,
					1.0,
					0.0,
					-7155.96435546875,
					0.3362743556499481,
					0.0,
					0.9417669177055359,
					-186916.984375,
					0.0,
					0.0,
					0.0,
					1.0
				],
				"Script": ""
			},
			{
				"Name": "aluyn",
				"WorldTM": [
					-0.7071083188056946,
					0.0,
					-0.7071079611778259,
					-22804.609375,
					0.0,
					1.0,
					0.0,
					-7168.96337890625,
					0.7071079611778259,
					0.0,
					-0.7071083188056946,
					-186360.25,
					0.0,
					0.0,
					0.0,
					1.0
				],
				"Script": ""
			},
			{
				"Name": "capitaine",
				"WorldTM": [
					1.0,
					0.0,
					0.0,
					-55407.54296875,
					0.0,
					1.0,
					0.0,
					-7079.34326171875,
					0.0,
					0.0,
					1.0,
					-167816.28125,
					0.0,
					0.0,
					0.0,
					1.0
				],
				"Script": ""
			},
			{
				"Name": "christine",
				"WorldTM": [
					-0.6293230056762695,
					0.0,
					-0.7771482467651367,
					-23438.91796875,
					0.0,
					1.0,
					0.0,
					-7166.2109375,
					0.7771482467651367,
					0.0,
					-0.6293230056762695,
					-187181.0625,
					0.0,
					0.0,
					0.0,
					1.0
				],
				"Script": ""
			},
			{
				"Name": "curvy",
				"WorldTM": [
					0.9563127756118774,
					0.0,
					-0.29237526655197144,
					-22806.46875,
					0.0,
					1.0,
					0.0,
					-7166.2109375,
					0.29237526655197144,
					0.0,
					0.9563127756118774,
					-185855.96875,
					0.0,
					0.0,
					0.0,
					1.0
				],
				"Script": ""
			},
			{
				"Name": "garde hopital",
				"WorldTM": [
					0.10452865809202194,
					0.0,
					0.9945230484008789,
					-23839.7734375,
					0.0,
					1.0,
					0.0,
					-7168.96337890625,
					-0.9945230484008789,
					0.0,
					0.10452865809202194,
					-184294.625,
					0.0,
					0.0,
					0.0,
					1.0
				],
				"Script": "onExitHospitalArea"
			},
			{
				"Name": "geraldine",
				"WorldTM": [
					-0.9986298084259033,
					0.0,
					0.052335940301418304,
					-23191.0,
					0.0,
					1.0,
					0.0,
					-7168.96337890625,
					-0.052335940301418304,
					0.0,
					-0.9986298084259033,
					-185089.109375,
					0.0,
					0.0,
					0.0,
					1.0
				],
				"Script": ""
			},
			{
				"Name": "hasna",
				"WorldTM": [
					-0.9993905425071716,
					0.0,
					-0.034899815917015076,
					-23750.3671875,
					0.0,
					1.0,
					0.0,
					-7168.96337890625,
					0.034899815917015076,
					0.0,
					-0.9993905425071716,
					-186652.625,
					0.0,
					0.0,
					0.0,
					1.0
				],
				"Script": ""
			},
			{
				"Name": "mirabelle",
				"WorldTM": [
					-4.5821070671081543e-7,
					0.0,
					1.0000135898590088,
					-23680.96484375,
					0.0,
					1.0,
					0.0,
					-7166.2109375,
					-1.0000135898590088,
					0.0,
					-4.5821070671081543e-7,
					-186008.328125,
					0.0,
					0.0,
					0.0,
					1.0
				],
				"Script": ""
			},
			{
				"Name": "namia",
				"WorldTM": [
					-0.03489874303340912,
					0.0,
					-0.9993918538093567,
					-22854.7734375,
					0.0,
					1.0,
					0.0,
					-7166.2109375,
					0.9993918538093567,
					0.0,
					-0.03489874303340912,
					-187046.484375,
					0.0,
					0.0,
					0.0,
					1.0
				],
				"Script": ""
			},
			{
				"Name": "ranja",
				"WorldTM": [
					-0.9827192425727844,
					0.0,
					0.12186954915523529,
					-23347.87109375,
					0.0,
					1.0,
					0.0,
					-7168.96337890625,
					-0.12066292017698288,
					0.0,
					-0.9925464391708374,
					-183584.21875,
					0.0,
					0.0,
					0.0,
					1.0
				],
				"Script": ""
			}
		],
		"StaticEntities": [
			{
				"Name": "buildings/maison.bme",
				"WorldTMs": [
					[
						1.0096983909606934,
						0.0,
						-0.0016598105430603027,
						-57255.08203125,
						0.0,
						1.0,
						0.0,
						-6589.92822265625,
						-0.0017101019620895386,
						0.0,
						0.9708828330039978,
						-167316.171875,
						0.0,
						0.0,
						0.0,
						1.0
					],
					[
						0.9999999403953552,
						0.0,
						0.0,
						-55679.5234375,
						0.0,
						1.0,
						0.0,
						-6589.92822265625,
						0.0,
						0.0,
						0.9609807729721069,
						-167313.875,
						0.0,
						0.0,
						0.0,
						1.0
					],
					[
						1.0,
						0.0,
						0.0,
						-54109.87109375,
						0.0,
						1.0,
						0.0,
						-6589.92822265625,
						0.0,
						0.0,
						1.0,
						-167344.625,
						0.0,
						0.0,
						0.0,
						1.0
					]
				]
			},
			{
				"Name": "furnitures/bed.bme",
				"WorldTMs": [
					[
						-4.3213367462158203e-7,
						0.0,
						0.9999991059303284,
						-22836.74609375,
						0.0,
						1.0,
						0.0,
						-7227.25244140625,
						-0.9999991059303284,
						0.0,
						-4.3213367462158203e-7,
						-186564.3125,
						0.0,
						0.0,
						0.0,
						1.0
					],
					[
						-1.8067657947540283e-7,
						0.0,
						0.9999999403953552,
						-22847.76953125,
						0.0,
						1.0,
						0.0,
						-7227.25244140625,
						-0.9999999403953552,
						0.0,
						-1.8067657947540283e-7,
						-186146.390625,
						0.0,
						0.0,
						0.0,
						1.0
					],
					[
						-1.4901161193847656e-7,
						0.0,
						0.9999997615814209,
						-22846.8828125,
						0.0,
						1.0,
						0.0,
						-7227.25244140625,
						-0.9999997615814209,
						0.0,
						-1.4901161193847656e-7,
						-186908.609375,
						0.0,
						0.0,
						0.0,
						1.0
					],
					[
						-8.046627044677734e-7,
						0.0,
						0.999998927116394,
						-22846.05859375,
						0.0,
						1.0,
						0.0,
						-7227.25244140625,
						-0.999998927116394,
						0.0,
						-8.046627044677734e-7,
						-187300.8125,
						0.0,
						0.0,
						0.0,
						1.0
					],
					[
						-2.682209014892578e-7,
						0.0,
						-0.9999997019767761,
						-23757.72265625,
						0.0,
						1.0,
						0.0,
						-7227.25244140625,
						0.9999997019767761,
						0.0,
						-2.682209014892578e-7,
						-186905.125,
						0.0,
						0.0,
						0.0,
						1.0
					],
					[
						-2.8312206268310547e-7,
						0.0,
						-0.9999998807907104,
						-23765.234375,
						0.0,
						1.0,
						0.0,
						-7227.25244140625,
						0.9999998807907104,
						0.0,
						-2.8312206268310547e-7,
						-186558.671875,
						0.0,
						0.0,
						0.0,
						1.0
					],
					[
						-3.129243850708008e-7,
						0.0,
						-0.9999998807907104,
						-23769.8984375,
						0.0,
						1.0,
						0.0,
						-7227.25244140625,
						0.9999998807907104,
						0.0,
						-3.129243850708008e-7,
						-186141.203125,
						0.0,
						0.0,
						0.0,
						1.0
					],
					[
						-3.073364496231079e-7,
						0.0,
						0.9999999403953552,
						-22845.2734375,
						0.0,
						1.0,
						0.0,
						-7227.25244140625,
						-0.9999999403953552,
						0.0,
						-3.073364496231079e-7,
						-185736.015625,
						0.0,
						0.0,
						0.0,
						1.0
					],
					[
						-1.1920928955078125e-7,
						0.0,
						-0.9999997615814209,
						-23754.9140625,
						0.0,
						1.0,
						0.0,
						-7227.25244140625,
						0.9999997615814209,
						0.0,
						-1.1920928955078125e-7,
						-187281.78125,
						0.0,
						0.0,
						0.0,
						1.0
					],
					[
						-1.2540581906250736e-7,
						0.0,
						-0.9999997615814209,
						-23769.25,
						0.0,
						1.0,
						0.0,
						-7227.25244140625,
						0.990098774433136,
						0.0,
						-1.2665987014770508e-7,
						-185738.34375,
						0.0,
						0.0,
						0.0,
						1.0
					]
				]
			},
			{
				"Name": "furnitures/chair.bme",
				"WorldTMs": [
					[
						-1.2479722499847412e-7,
						0.0,
						0.9999999403953552,
						-22761.8828125,
						0.0,
						1.0,
						0.0,
						-7209.15478515625,
						-0.9999999403953552,
						0.0,
						-1.2479722499847412e-7,
						-187166.375,
						0.0,
						0.0,
						0.0,
						1.0
					],
					[
						-8.940696716308594e-8,
						0.0,
						0.9999997615814209,
						-22756.66796875,
						0.0,
						1.0,
						0.0,
						-7209.15478515625,
						-0.9999997615814209,
						0.0,
						-8.940696716308594e-8,
						-186777.546875,
						0.0,
						0.0,
						0.0,
						1.0
					],
					[
						-8.940696716308594e-8,
						0.0,
						0.9999997615814209,
						-22760.25390625,
						0.0,
						1.0,
						0.0,
						-7209.15478515625,
						-0.9999997615814209,
						0.0,
						-8.940696716308594e-8,
						-186434.78125,
						0.0,
						0.0,
						0.0,
						1.0
					],
					[
						-1.043081283569336e-7,
						0.0,
						0.9999998211860657,
						-22760.46484375,
						0.0,
						1.0,
						0.0,
						-7209.15478515625,
						-0.9999998211860657,
						0.0,
						-1.043081283569336e-7,
						-186268.34375,
						0.0,
						0.0,
						0.0,
						1.0
					],
					[
						-0.6427874565124512,
						0.0,
						-0.7660439014434814,
						-23784.90625,
						0.0,
						1.0,
						0.0,
						-7209.15478515625,
						0.7660439014434814,
						0.0,
						-0.6427874565124512,
						-185867.21875,
						0.0,
						0.0,
						0.0,
						1.0
					],
					[
						-2.4400651454925537e-7,
						0.0,
						-0.9999999403953552,
						-23852.390625,
						0.0,
						1.0,
						0.0,
						-7209.15478515625,
						0.9999999403953552,
						0.0,
						-2.4400651454925537e-7,
						-186256.34375,
						0.0,
						0.0,
						0.0,
						1.0
					],
					[
						-0.03489979729056358,
						0.0,
						-0.9993906617164612,
						-23852.9921875,
						0.0,
						1.0,
						0.0,
						-7209.15478515625,
						0.9993906617164612,
						0.0,
						-0.03489979729056358,
						-186465.25,
						0.0,
						0.0,
						0.0,
						1.0
					],
					[
						-2.086162567138672e-7,
						0.0,
						-0.9999998211860657,
						-23848.00390625,
						0.0,
						1.0,
						0.0,
						-7209.15478515625,
						0.9999998211860657,
						0.0,
						-2.086162567138672e-7,
						-186780.125,
						0.0,
						0.0,
						0.0,
						1.0
					],
					[
						0.1736479550600052,
						0.0,
						0.9848068952560425,
						-23027.6796875,
						0.0,
						1.0,
						0.0,
						-7209.15478515625,
						-0.9848068952560425,
						0.0,
						0.1736479550600052,
						-186503.078125,
						0.0,
						0.0,
						0.0,
						1.0
					],
					[
						-0.03489979729056358,
						0.0,
						-0.999390721321106,
						-23852.44921875,
						0.0,
						1.0,
						0.0,
						-7209.15478515625,
						0.999390721321106,
						0.0,
						-0.03489979729056358,
						-187182.3125,
						0.0,
						0.0,
						0.0,
						1.0
					],
					[
						-0.9999995231628418,
						0.0,
						3.2782554626464844e-7,
						-23204.5703125,
						0.0,
						1.0,
						0.0,
						-7209.15478515625,
						-3.2782554626464844e-7,
						0.0,
						-0.9999995231628418,
						-187319.390625,
						0.0,
						0.0,
						0.0,
						1.0
					],
					[
						0.766044020652771,
						0.0,
						-0.6427873969078064,
						-23296.7421875,
						0.0,
						1.0,
						0.0,
						-7209.15478515625,
						0.6427873969078064,
						0.0,
						0.766044020652771,
						-186658.84375,
						0.0,
						0.0,
						0.0,
						1.0
					]
				]
			},
			{
				"Name": "furnitures/table.bme",
				"WorldTMs": [
					[
						1.0,
						0.0,
						0.0,
						-23171.34375,
						0.0,
						1.0,
						0.0,
						-7214.341796875,
						0.0,
						0.0,
						1.0,
						-183675.390625,
						0.0,
						0.0,
						0.0,
						1.0
					]
				]
			}
		],
		"Areas": [
			{
				"Name": "area-hospital",
				"WorldTM": [
					0.9999994039535522,
					0.0,
					0.0,
					-23299.01171875,
					0.0,
					1.0,
					0.0,
					-6959.0947265625,
					0.0,
					0.0,
					0.9999994039535522,
					-185376.265625,
					0.0,
					0.0,
					0.0,
					1.0
				],
				"Dimension": [
					1257.160888671875,
					567.128662109375,
					3908.658935546875
				]
			}
		],
		"Items": [
			{
				"ID": "Fiole",
				"WorldTMs": [
					[
						-1.3545155752581195e-7,
						0.0,
						0.9999996423721313,
						-23059.2109375,
						0.0,
						1.0,
						0.0,
						-7164.78857421875,
						-1.0099996328353882,
						0.0,
						-1.341104507446289e-7,
						-183635.796875,
						0.0,
						0.0,
						0.0,
						1.0
					],
					[
						1.0,
						0.0,
						0.0,
						-23178.5234375,
						0.0,
						1.0,
						0.0,
						-7164.78857421875,
						0.0,
						0.0,
						1.0,
						-183699.734375,
						0.0,
						0.0,
						0.0,
						1.0
					],
					[
						1.0,
						0.0,
						0.0,
						-23129.109375,
						0.0,
						1.0,
						0.0,
						-7164.78857421875,
						0.0,
						0.0,
						1.0,
						-183678.828125,
						0.0,
						0.0,
						0.0,
						1.0
					],
					[
						1.0,
						0.0,
						0.0,
						-23145.98046875,
						0.0,
						1.0,
						0.0,
						-7164.78857421875,
						0.0,
						0.0,
						1.0,
						-183700.453125,
						0.0,
						0.0,
						0.0,
						1.0
					],
					[
						1.0,
						0.0,
						0.0,
						-23100.5546875,
						0.0,
						1.0,
						0.0,
						-7164.78857421875,
						0.0,
						0.0,
						1.0,
						-183691.75,
						0.0,
						0.0,
						0.0,
						1.0
					]
				]
			},
			{
				"ID": "Vase",
				"WorldTMs": [
					[
						1.0,
						0.0,
						0.0,
						-23156.4921875,
						0.0,
						1.0,
						0.0,
						-7154.833984375,
						0.0,
						0.0,
						1.0,
						-183665.84375,
						0.0,
						0.0,
						0.0,
						1.0
					],
					[
						1.0,
						0.0,
						0.0,
						-23247.7578125,
						0.0,
						1.0,
						0.0,
						-7154.833984375,
						0.0,
						0.0,
						1.0,
						-183702.71875,
						0.0,
						0.0,
						0.0,
						1.0
					],
					[
						1.0,
						0.0,
						0.0,
						-23092.2578125,
						0.0,
						1.0,
						0.0,
						-7233.634765625,
						0.0,
						0.0,
						1.0,
						-183754.3125,
						0.0,
						0.0,
						0.0,
						1.0
					],
					[
						1.0,
						0.0,
						0.0,
						-23091.921875,
						0.0,
						1.0,
						0.0,
						-7154.833984375,
						0.0,
						0.0,
						1.0,
						-183662.296875,
						0.0,
						0.0,
						0.0,
						1.0
					]
				]
			}
		],
		"Lights": [
			{
				"Position": {
					"x": 0.0,
					"y": 1000000.0,
					"z": 0.0
				},
				"Intensity": 800000.0,
				"Ambient": 0.5
			},
			{
				"Position": {
					"x": 1000000.0,
					"y": 200000.0,
					"z": 0.0
				},
				"Intensity": 100000.0,
				"Ambient": 0.5
			},
			{
				"Position": {
					"x": -1000000.0,
					"y": 200000.0,
					"z": 0.0
				},
				"Intensity": 100000.0,
				"Ambient": 0.5
			},
			{
				"Position": {
					"x": 0.0,
					"y": 200000.0,
					"z": 1000000.0
				},
				"Intensity": 100000.0,
				"Ambient": 0.5
			},
			{
				"Position": {
					"x": 0.0,
					"y": 200000.0,
					"z": -1000000.0
				},
				"Intensity": 100000.0,
				"Ambient": 0.5
			}
		]
	}
}